1	1
8	1
10	1
11	-1
12	1
13	1
14	1
20	1
21	1
30	1
31	1
36	1
43	1
59	1
80	-1
92	1
109	1
111	1
112	1
113	1
114	1
119	1
126	1
128	-1
131	1
134	1
135	1
136	1
137	1
138	1
147	1
150	1
165	-1
180	1
194	1
197	-1
198	-1
205	1
206	1
210	1
213	1
214	-1
224	-1
226	1
232	1
243	1
253	1
266	-1
275	1
276	1
294	1
299	-1
327	-1
328	1
329	1
354	1
356	1
412	-1
445	1
454	-1
475	1
480	1
502	1
508	1
510	-1
514	1
517	1
519	1
535	1
541	1
546	1
553	1
567	1
571	1
582	1
588	-1
592	-1
594	-1
597	-1
606	1
627	-1
630	-1
631	-1
636	1
642	1
647	1
654	-1
662	1
669	1
670	-1
672	1
691	1
702	1
709	-1
710	1
713	-1
715	-1
766	-1
773	-1
777	-1
789	1
792	1
793	-1
806	1
817	1
841	1
842	-1
848	-1
849	1
862	1
873	-1
874	-1
876	-1
877	-1
878	1
879	1
881	-1
884	-1
891	1
893	1
896	-1
897	1
898	-1
899	-1
900	1
901	-1
907	-1
908	-1
912	1
913	1
915	1
949	1
954	1
987	1
988	1
989	1
997	1
1002	1
1005	1
1012	1
1017	1
1029	-1
1030	-1
1032	-1
1037	1
1038	1
1041	1
1045	1
1060	1
1069	1
1071	1
1103	-1
1106	-1
1107	-1
1109	-1
1120	-1
1135	-1
1141	-1
1198	1
1229	-1
1236	-1
1248	-1
1255	1
1256	1
1290	-1
1306	-1
1355	-1
1372	1
1391	-1
1530	-1
1533	-1
1555	-1
1571	-1
1572	-1
1573	-1
1578	-1
1579	-1
1592	-1
1605	-1
1618	-1
1640	-1
1668	-1
1670	1
1745	-1
1781	-1
1782	-1
1833	-1
1834	1
1839	-1
1853	-1
1855	-1
1870	-1
1878	-1
1882	-1
1959	1
2002	-1
2016	1
2061	1
2072	1
2076	-1
2110	-1
2139	-1
2151	1
2157	-1
2175	1
2208	-1
2251	-1
2254	-1
2270	-1
2275	-1
2283	1
2284	1
2321	-1
2352	1
2371	1
2386	-1
2387	-1
2399	-1
2510	-1
2536	-1
2549	1
2550	1
2563	-1
2565	1
2574	1
2602	1
2613	-1
2614	-1
2621	-1
2622	-1
2623	-1
2626	-1
2630	1
2632	-1
2633	-1
2720	-1
2788	1
2798	-1
2803	1
2805	1
2806	-1
2816	1
2835	-1
2839	-1
2844	-1
2845	-1
2846	-1
2848	-1
2853	-1
2854	1
2859	1
2860	-1
2886	-1
2887	-1
2888	1
2889	-1
2892	-1
2893	-1
2913	-1
2917	-1
2935	-1
2966	1
2971	1
2988	1
2999	1
3003	-1
3006	1
3007	-1
3009	-1
3014	-1
3015	1
3020	1
3042	1
3044	1
3049	1
3050	1
3051	1
3052	1
3053	1
3055	-1
3095	-1
3104	1
3114	-1
3117	-1
3118	1
3126	-1
3169	1
3172	1
3175	1
3178	1
3183	-1
3194	1
3216	1
3230	1
3232	1
3239	1
3246	-1
3248	1
3250	1
3253	-1
3259	1
3345	-1
3376	1
3381	-1
3385	-1
3410	1
3412	-1
3420	1
3421	1
3422	-1
3433	1
3438	1
3440	-1
3448	1
3455	1
3459	1
3462	-1
3463	1
3467	-1
3468	-1
3470	1
3479	1
3481	-1
3482	1
3511	1
3521	-1
3523	1
3525	1
3557	-1
3558	-1
3560	1
3567	1
3595	1
3602	1
3627	1
3628	1
3629	1
3634	1
3637	-1
3639	-1
3666	-1
3671	-1
3692	-1
3696	1
3697	1
3699	-1
3713	1
3718	-1
3756	-1
3758	1
3791	-1
3792	1
3796	1
3797	1
3804	-1
3808	-1
3809	-1
3845	1
3856	-1
3858	1
3859	1
3863	1
3875	-1
3904	1
3909	-1
3927	1
3940	-1
3949	-1
3977	1
3982	-1
3991	-1
3994	1
4007	1
4018	-1
4022	1
4023	-1
4045	1
4046	1
4047	1
4065	-1
4068	-1
4083	1
4087	-1
4107	1
4111	1
4114	-1
4126	-1
4129	1
4130	-1
4131	-1
4132	1
4139	1
4140	1
4145	-1
4147	1
4154	-1
4166	-1
4172	1
4192	1
4193	-1
4194	1
4220	-1
4221	1
4228	-1
4233	1
4235	1
4270	-1
4278	-1
4279	1
4290	-1
4293	1
4295	1
4319	1
4326	-1
4341	1
4354	-1
4365	-1
4369	-1
4376	-1
4411	-1
4425	-1
4430	-1
4450	-1
4459	-1
4484	-1
4496	-1
4516	-1
4519	-1
4537	1
4541	-1
4572	1
4573	-1
4578	-1
4579	1
4616	-1
4625	1
4630	1
4633	1
4661	-1
4672	1
4682	-1
4685	-1
4699	1
4712	-1
4714	1
4719	1
4733	-1
4757	1
4758	-1
4767	-1
4779	-1
4789	-1
4806	1
4813	1
4814	-1
4830	-1
4848	1
4860	-1
4861	1
4863	1
4899	1
4900	1
4915	-1
4916	1
4917	1
4918	1
4920	-1
4938	-1
4942	1
4945	1
4948	-1
4991	-1
4992	1
5007	-1
5036	1
5037	-1
5038	-1
5065	-1
5092	-1
5093	-1
5110	-1
5112	-1
5123	1
5167	1
5168	-1
5169	-1
5171	1
5187	-1
5203	-1
5213	1
5220	-1
5228	-1
5236	-1
5237	-1
5248	-1
5249	-1
5266	-1
5267	1
5268	-1
5269	1
5283	-1
5285	-1
5286	-1
5298	1
5300	-1
5301	-1
5302	1
5306	-1
5307	-1
5312	-1
5324	1
5341	-1
5344	1
5351	-1
5393	-1
5406	-1
5407	-1
5421	1
5429	-1
5433	1
5449	1
5456	1
5467	-1
5468	-1
5469	-1
5472	-1
5481	-1
5482	1
5487	-1
5499	1
5500	1
5518	-1
5519	1
5543	1
5544	-1
5545	-1
5550	1
5553	-1
5564	-1
5578	-1
5594	-1
5595	-1
5604	-1
5611	-1
5612	-1
5618	-1
5624	-1
5630	-1
5631	-1
5632	-1
5637	1
5642	1
5643	1
5644	1
5645	-1
5649	-1
5654	-1
5675	1
5679	-1
5680	-1
5682	-1
5691	1
5695	-1
5698	1
5701	1
5710	-1
5711	-1
5713	-1
5715	-1
5727	-1
5732	-1
5742	-1
5752	-1
5754	-1
5757	1
5760	1
5763	-1
5768	-1
5772	1
5801	-1
5829	-1
5831	-1
5838	1
5846	1
5873	1
5876	-1
5897	-1
5906	1
5917	1
5918	1
5924	-1
5929	1
5935	-1
5937	-1
5946	-1
5951	1
5957	-1
5959	-1
5964	1
5965	-1
5974	-1
5975	1
5976	1
5977	-1
5978	-1
5979	1
5983	-1
5984	1
5996	-1
5999	-1
6000	1
6001	1
6006	-1
6007	1
6024	-1
6050	1
6059	1
6060	1
6093	-1
6094	-1
6095	-1
6098	-1
6121	-1
6124	-1
6125	-1
6126	-1
6127	-1
6128	1
6129	-1
6131	1
6142	-1
6144	-1
6151	-1
6152	-1
6154	-1
6156	-1
6157	-1
6166	-1
6167	1
6177	-1
6181	-1
6191	-1
6194	-1
6196	1
6197	-1
6202	-1
6214	-1
6263	1
6264	1
6274	1
6275	-1
6281	1
6282	1
6291	-1
6297	-1
6299	-1
6321	1
6329	1
6337	-1
6340	-1
6357	-1
6379	-1
6386	-1
6395	1
6396	-1
6399	-1
6403	1
6404	-1
6412	-1
6413	-1
6424	-1
6441	-1
6443	-1
6444	1
6449	-1
6475	-1
6494	-1
6503	-1
6504	-1
6505	-1
6506	-1
6507	-1
6508	-1
6510	-1
6513	1
6595	-1
6734	-1
6738	-1
6780	-1
6798	1
6987	-1
7026	-1
7030	-1
7052	-1
7054	-1
7068	1
7069	-1
7132	-1
7179	-1
7180	1
7207	-1
7226	-1
7228	-1
7256	-1
7268	-1
7298	-1
7299	-1
7406	1
7410	-1
7461	-1
7466	-1
7489	1
7539	-1
7579	1
7591	1
7592	-1
7613	-1
7672	1
7698	-1
7700	-1
7717	-1
7727	1
7748	-1
7749	-1
7757	-1
7782	-1
7800	-1
7801	-1
7802	-1
7826	-1
7833	1
7858	1
7862	-1
7863	-1
7918	-1
7919	-1
7995	-1
8005	1
8024	-1
8049	1
8050	1
8069	-1
8077	-1
8107	-1
8123	-1
8138	-1
8155	-1
8177	-1
8205	-1
8237	-1
8305	-1
8336	-1
8476	-1
8492	-1
8608	1
8625	-1
8640	1
8678	1
8746	1
8747	1
8749	-1
8765	-1
8769	-1
8770	-1
8805	1
8827	1
8839	-1
8844	1
8850	1
8858	-1
8861	-1
8862	-1
8863	-1
8864	-1
8909	1
8943	-1
8963	-1
9078	1
9083	1
9093	-1
9151	-1
9226	-1
9251	-1
9260	1
9273	-1
9287	-1
9365	1
9370	-1
9459	-1
9498	-1
9518	-1
9539	-1
9547	-1
9579	-1
9812	-1
9815	-1
9818	1
9839	-1
9920	-1
9933	1
9974	-1
9975	-1
9976	-1
9977	-1
9995	-1
10001	1
10029	-1
10050	1
10095	1
10099	-1
10153	-1
10158	-1
10173	-1
10229	-1
10247	-1
10256	-1
10275	-1
10295	1
10302	-1
10303	1
10306	1
10318	1
10322	1
10323	1
10341	-1
10381	1
10494	-1
10515	-1
10535	1
10565	-1
10579	1
10614	-1
10685	-1
10694	-1
10728	-1
10743	-1
10815	1
10819	-1
10833	-1
10834	-1
10843	1
10897	-1
10947	-1
10959	-1
11046	-1
11082	-1
11105	1
11125	-1
11215	-1
11220	-1
11222	-1
11231	-1
11301	1
11309	-1
11312	-1
11314	-1
11315	-1
11327	-1
11336	-1
11360	-1
11407	-1
11419	1
11447	-1
11489	1
11496	-1
11513	-1
11551	-1
11595	-1
11601	1
11623	-1
11624	-1
11639	1
11642	-1
11670	-1
11744	1
11836	-1
12014	-1
12018	-1
12026	-1
12075	-1
12099	1
12104	-1
12117	-1
12222	-1
12277	-1
12304	-1
12307	-1
12308	-1
12337	-1
12389	1
12390	1
12408	-1
12441	-1
12444	1
12445	1
12466	-1
12519	-1
12520	-1
12567	1
12590	-1
12593	1
12651	1
12673	1
12697	-1
12705	-1
12756	-1
12774	-1
12775	-1
12778	-1
12779	-1
12824	-1
12863	-1
12967	-1
13010	1
13012	-1
13013	-1
13061	-1
13142	-1
13169	-1
13203	-1
13234	-1
13251	1
13252	-1
13297	-1
13313	-1
13315	1
13325	-1
13341	-1
13460	-1
13540	-1
13552	-1
13554	-1
13555	-1
13562	-1
13563	1
13564	-1
13565	-1
13642	-1
13746	-1
13747	-1
13748	-1
13749	-1
13781	-1
13810	-1
13817	-1
13830	-1
13849	-1
13894	-1
13930	-1
13932	-1
13934	-1
13947	-1
13963	1
13989	-1
14048	-1
14111	-1
14114	-1
14116	-1
14117	-1
14122	-1
14160	1
14165	-1
14183	-1
14196	-1
14295	-1
14307	-1
14332	1
14453	-1
14484	-1
14521	-1
14530	-1
14533	-1
14548	-1
14559	-1
14560	-1
14569	-1
14780	-1
14784	-1
14813	-1
14866	-1
14873	-1
14874	-1
14895	-1
14896	-1
14910	-1
14926	-1
14978	-1
15000	1
15154	-1
15155	-1
15223	-1
15283	-1
15284	-1
15335	-1
15364	-1
15398	-1
15402	-1
15404	-1
15426	-1
15439	-1
15485	1
15493	-1
15543	-1
15584	-1
15602	-1
15603	-1
15665	-1
15690	-1
15696	-1
15716	-1
15717	-1
15724	-1
15725	-1
15773	-1
15775	-1
15856	-1
15861	1
15902	-1
15910	-1
16018	-1
16056	1
16061	-1
16095	1
16109	1
16110	-1
16116	-1
16117	1
16141	-1
16170	-1
16185	-1
16203	1
16269	1
16277	1
16291	-1
16307	-1
16352	-1
16357	1
16393	-1
16401	-1
16404	1
16415	1
16437	1
16469	-1
16473	1
16476	1
16487	-1
16497	1
16522	-1
16531	-1
16534	-1
16536	1
16546	-1
16548	-1
16549	-1
16551	-1
16552	1
16561	-1
16568	-1
16582	-1
16583	-1
16612	1
16615	1
16675	1
16677	-1
16683	1
16686	1
16715	-1
16729	-1
16730	-1
16738	-1
16756	1
16757	1
16759	1
16765	1
16766	1
16769	1
16771	1
16777	-1
16779	-1
16780	1
16781	1
16785	-1
16809	-1
16814	-1
16825	-1
16831	-1
16832	-1
16876	1
16881	1
16892	-1
16896	-1
16945	-1
16946	1
16951	1
16980	-1
16982	1
16997	-1
17024	1
17048	1
17054	-1
17061	-1
17082	1
17086	-1
17090	-1
17104	-1
17110	-1
17117	-1
17152	-1
17153	1
17154	1
17155	1
17190	-1
17195	-1
17206	-1
17207	1
17208	1
17241	-1
17242	-1
17243	-1
17404	-1
17447	-1
17455	-1
17467	-1
17478	1
17484	-1
17485	-1
17486	-1
17487	-1
17488	-1
17529	1
17624	-1
17640	-1
17656	-1
17663	-1
17754	-1
17773	1
17806	-1
17832	-1
17897	-1
17919	-1
17984	-1
17987	-1
18041	-1
18047	-1
18058	-1
18062	-1
18170	1
18293	-1
18298	1
18299	-1
18395	1
18528	-1
18536	-1
18562	-1
18586	-1
18591	-1
18608	1
18614	-1
18622	-1
18667	1
18710	1
18716	1
18721	-1
18723	-1
18820	-1
18842	-1
18859	1
18880	-1
18888	-1
18901	-1
18962	1
18971	-1
18987	-1
19004	-1
19049	-1
19077	-1
19080	-1
19091	-1
19126	-1
19143	-1
19200	-1
19218	-1
19219	-1
19233	-1
19248	-1
19278	-1
19373	-1
19375	-1
19382	-1
19425	-1
19436	-1
19439	-1
19482	1
19496	-1
19544	-1
19553	1
19558	-1
19563	-1
19576	-1
19584	-1
19639	-1
19670	-1
19687	-1
19706	-1
19707	-1
19708	-1
19709	1
19743	-1
19757	-1
19771	-1
19787	-1
19796	-1
19810	-1
19820	-1
19854	-1
19870	-1
19899	-1
19963	-1
20014	-1
20035	-1
20037	-1
20068	-1
20083	-1
20111	-1
20118	1
20140	-1
20146	-1
20160	-1
20200	-1
20212	-1
20214	-1
20220	-1
20228	-1
20232	1
20233	-1
20235	1
20240	-1
20242	1
20262	-1
20282	1
20290	-1
20314	1
20351	-1
20355	-1
20363	1
20365	1
20366	-1
20391	-1
20392	-1
20398	1
20423	-1
20425	1
20434	1
20437	1
20448	1
20463	1
20492	1
20505	1
20508	1
20515	1
20528	1
20554	-1
20563	-1
20578	-1
20595	-1
20601	-1
20617	-1
20620	-1
20621	-1
20635	-1
20710	-1
20717	-1
20719	-1
20732	-1
20733	-1
20763	-1
20764	-1
20781	1
20791	1
20796	1
20821	1
20823	-1
20854	-1
20855	1
20873	1
20881	1
20894	-1
20904	-1
20905	-1
20908	-1
20913	1
20925	-1
20930	1
20933	-1
20967	-1
20996	1
21006	1
21034	1
21036	-1
21041	1
21042	-1
21052	-1
21066	1
21085	-1
21088	1
21100	-1
21104	1
21105	1
21111	-1
21140	1
21169	1
21185	1
21190	-1
21191	1
21192	1
21193	-1
21236	1
21280	-1
21299	-1
21306	-1
21371	-1
21374	-1
21379	-1
21389	-1
21392	-1
21424	-1
21458	-1
21482	1
21512	-1
21547	-1
21554	-1
21564	-1
21592	-1
21593	-1
21595	-1
21597	-1
21599	-1
21644	-1
21652	1
21653	-1
21654	1
21668	-1
21671	1
21672	-1
21675	-1
21686	1
21702	1
21704	-1
21713	-1
21727	-1
21742	1
21752	-1
21806	1
21812	-1
21815	-1
21823	-1
21834	1
21851	-1
21868	-1
21897	1
21905	-1
21913	1
21930	1
21957	-1
21980	-1
22021	-1
22033	-1
22066	1
22090	1
22115	-1
22131	-1
22132	-1
22133	-1
22142	1
22143	-1
22161	1
22179	-1
22195	1
22237	-1
22301	-1
22316	-1
22319	1
22330	1
22332	-1
22398	-1
22399	-1
22415	-1
22422	-1
22456	1
22502	-1
22509	-1
22525	-1
22536	1
22548	-1
22561	-1
22583	-1
22600	-1
22616	1
22640	1
22656	-1
22658	-1
22661	-1
22664	1
22668	1
22678	-1
22693	-1
22694	-1
22695	-1
22696	-1
22697	-1
22698	-1
22714	1
22754	1
22756	-1
22757	1
22762	-1
22815	-1
22817	-1
22932	-1
22955	1
22959	-1
22963	-1
22964	-1
22989	-1
22990	-1
23010	1
23016	-1
23039	-1
23051	-1
23059	-1
23063	1
23064	-1
23089	1
23148	-1
23173	1
23191	-1
23195	1
23201	1
23213	-1
23214	-1
23219	-1
23243	-1
23301	1
23314	-1
23326	-1
23334	-1
23345	-1
23346	-1
23349	1
23369	1
23381	-1
23385	1
23396	1
23414	-1
23442	-1
23493	-1
23515	1
23519	-1
23561	1
23585	-1
23586	1
23606	1
23616	1
23656	-1
23661	-1
23663	-1
23671	-1
23672	-1
23673	-1
23674	-1
23675	-1
23681	1
23682	1
23686	-1
23712	-1
23726	1
23732	-1
23742	-1
23745	-1
23749	-1
23763	1
23836	-1
23872	1
23900	-1
23901	-1
23911	1
23942	-1
23990	-1
23994	-1
24008	-1
24040	-1
24115	-1
24130	-1
24145	-1
24194	1
24205	-1
24217	-1
24239	1
24271	1
24272	-1
24319	-1
24345	-1
24367	-1
24369	-1
24416	1
24419	1
24451	-1
24466	-1
24470	-1
24500	-1
24501	-1
24507	-1
24509	-1
24556	1
24587	-1
24600	1
24616	-1
24626	-1
24627	-1
24648	-1
24650	1
24658	1
24681	1
24688	-1
24691	-1
24703	-1
24704	-1
24707	-1
24754	1
24815	1
24867	1
24884	-1
24885	-1
24900	-1
24903	-1
24905	-1
24909	-1
24910	-1
24911	-1
24912	-1
24913	-1
24920	-1
24946	-1
24970	1
24994	1
25014	-1
25015	-1
25025	-1
25032	-1
25033	1
25051	-1
25052	-1
25053	-1
25067	-1
25101	-1
25115	1
25141	-1
25195	-1
25237	-1
25247	-1
25263	-1
25346	-1
25365	-1
25375	1
25382	1
25383	1
25468	-1
25594	-1
25595	-1
25616	-1
25643	1
25756	-1
25778	1
25786	-1
25788	-1
25794	1
25796	1
25797	1
25817	1
25827	-1
25828	-1
25833	-1
25850	1
25857	-1
25903	1
25938	-1
25963	-1
25975	-1
26010	-1
26011	-1
26154	-1
26259	-1
26314	-1
26340	1
26537	-1
26543	-1
26557	-1
26569	1
26581	1
26582	-1
26583	-1
26586	-1
26587	-1
26589	-1
26605	-1
26606	-1
26687	-1
26688	-1
26701	1
26703	-1
26721	-1
26744	-1
26767	1
26790	-1
26806	-1
26820	-1
26826	-1
26884	-1
26909	1
26915	1
26916	1
26936	1
26950	-1
26952	-1
26964	-1
26973	1
26976	-1
26999	1
27004	1
27015	-1
27016	-1
27034	1
27035	-1
27054	-1
27058	-1
27059	1
27060	1
27095	-1
27117	1
27173	-1
27179	1
27184	-1
27187	-1
27200	1
27223	1
27243	-1
27256	-1
27257	1
27264	1
27269	-1
27321	-1
27328	-1
27408	-1
27409	-1
27454	-1
27465	1
27508	-1
27541	-1
27546	-1
27562	-1
27584	1
27629	-1
27640	-1
27653	-1
27672	-1
27673	-1
27685	-1
27704	-1
27707	-1
27710	-1
27716	-1
27753	-1
27759	1
27766	-1
27831	-1
27862	-1
27863	1
27868	1
27869	1
27917	-1
27918	1
27919	1
27921	-1
27929	1
27933	-1
27951	1
27958	-1
27977	-1
28012	-1
28022	-1
28055	-1
28060	-1
28072	1
28086	1
28087	1
28094	1
28098	-1
28104	-1
28110	-1
28111	1
28126	-1
28127	-1
28151	-1
28170	-1
28174	-1
28217	-1
28220	-1
28224	-1
28225	-1
28247	-1
28250	-1
28278	-1
28283	-1
28284	-1
28287	-1
28298	-1
28299	-1
28329	-1
28409	-1
28413	-1
28416	-1
28430	-1
28432	-1
28435	-1
28439	-1
28440	-1
28441	-1
28442	-1
28443	-1
28444	-1
28453	-1
28454	-1
28554	1
28590	-1
28625	-1
28697	-1
28722	-1
28864	-1
28942	-1
28945	-1
28951	-1
29055	-1
29146	1
29166	-1
29175	-1
29182	-1
29183	-1
29231	-1
29232	-1
29263	-1
29265	-1
29267	-1
29268	-1
29285	-1
29317	-1
29401	1
29483	1
29523	-1
29579	1
29666	-1
29694	-1
29695	-1
29696	-1
29708	1
29740	-1
29744	-1
29770	-1
29788	-1
29815	-1
29871	-1
29902	-1
29944	-1
30025	-1
30063	-1
30163	-1
30169	-1
30170	-1
30198	-1
30199	-1
30279	-1
30302	-1
30371	-1
30424	-1
30448	-1
30457	-1
30504	-1
30505	-1
30559	-1
30658	-1
30691	-1
30734	-1
30860	-1
30868	-1
30884	-1
30885	-1
30886	-1
30887	-1
30929	-1
30931	-1
30947	1
30991	-1
31011	-1
31028	-1
31030	-1
31031	-1
31032	-1
31033	-1
31052	1
31060	-1
31061	-1
31082	-1
31106	-1
31107	-1
31108	-1
31109	-1
31110	-1
31111	-1
31112	-1
31113	-1
31116	-1
31117	-1
31118	-1
31119	-1
31120	-1
31121	-1
31122	-1
31136	1
31143	-1
31150	-1
31166	-1
31210	-1
31214	-1
31221	-1
31224	1
31226	-1
31227	-1
31230	-1
31278	-1
31279	-1
31283	-1
31284	-1
31285	-1
31286	-1
31287	-1
31288	-1
31289	-1
31290	-1
31291	-1
31294	-1
31297	-1
31298	-1
31301	-1
31306	1
31308	1
31368	-1
31381	-1
31383	-1
31389	-1
31397	-1
31398	-1
31399	-1
31402	1
31437	-1
31438	-1
31520	-1
31547	-1
31641	-1
31654	-1
31657	-1
31663	-1
31664	-1
31675	-1
31690	-1
31694	-1
31708	-1
31712	-1
31713	-1
31718	-1
31726	-1
31727	-1
31753	-1
31757	-1
31764	-1
31801	-1
31822	-1
31839	-1
31873	-1
31911	-1
31924	-1
31934	-1
31935	-1
31939	-1
31940	-1
31941	-1
31954	-1
31958	-1
31976	-1
31982	-1
31986	-1
31987	-1
31988	-1
31994	-1
32022	-1
32033	-1
32035	-1
32037	-1
32043	-1
32083	-1
32105	-1
32108	-1
32177	-1
32180	-1
32212	-1
32219	-1
32221	-1
32222	-1
32252	-1
32263	-1
32268	-1
32269	-1
32270	-1
32272	-1
32277	-1
32287	1
32289	-1
32290	-1
32293	-1
32304	-1
32305	-1
32313	-1
32314	-1
32323	-1
32340	-1
32383	-1
32386	-1
32388	-1
32399	-1
32442	-1
32446	-1
32447	-1
32453	-1
32466	-1
32470	-1
32472	-1
32523	-1
32530	-1
32531	-1
32540	-1
32545	-1
32549	-1
32578	-1
32595	-1
32618	-1
32633	-1
32645	-1
32664	-1
32691	-1
32740	-1
32745	-1
32765	-1
32831	-1
32837	-1
32842	-1
32857	-1
32877	-1
32889	1
33002	-1
33057	-1
33100	-1
33129	1
33185	-1
33301	1
33307	-1
33342	-1
33395	1
33405	-1
33473	-1
33565	-1
33578	-1
33651	-1
33676	1
33718	1
33765	1
33774	-1
33822	1
33831	-1
33851	-1
33852	1
33900	-1
33968	1
33970	-1
33984	1
34014	-1
34015	-1
34127	-1
34217	-1
34383	-1
34385	-1
34431	-1
34455	-1
34474	-1
34690	1
34730	-1
34747	-1
34750	-1
34785	1
34791	1
34799	1
34819	1
34861	1
34862	1
34956	1
34968	1
34996	-1
35040	-1
35042	1
35052	-1
35068	-1
35074	-1
35085	1
35107	1
35108	-1
35120	-1
35290	-1
35361	-1
35495	-1
35656	-1
35686	-1
35737	-1
35803	-1
35806	-1
35812	-1
35815	-1
35820	1
35873	-1
35955	-1
35956	-1
35958	-1
36006	-1
36010	1
36035	-1
36036	-1
36083	-1
36113	-1
36120	1
36121	1
36143	-1
36170	-1
36182	1
36189	-1
36214	1
36236	-1
36237	-1
36254	-1
36256	-1
36268	-1
36269	-1
36270	-1
36271	-1
36329	1
36348	-1
36350	-1
36351	-1
36354	-1
36356	1
36392	1
36412	-1
36425	-1
36444	-1
36454	-1
36475	-1
36482	-1
36483	-1
36485	-1
36509	1
36512	-1
36518	1
36532	1
36603	-1
36616	-1
36621	1
36650	-1
36658	-1
36659	-1
36668	-1
36671	-1
36677	-1
36731	-1
36769	-1
36770	-1
36806	-1
36807	-1
36821	-1
36833	-1
36848	-1
36897	-1
36900	-1
36919	-1
36927	-1
36940	-1
36986	-1
36989	1
36994	-1
37001	-1
37002	-1
37003	-1
37018	-1
37024	1
37026	-1
37032	1
37062	-1
37069	-1
37075	-1
37076	1
37092	-1
37095	-1
37110	-1
37112	-1
37130	-1
37239	-1
37241	-1
37247	-1
37250	-1
37310	1
37328	-1
37485	-1
37534	1
37563	-1
37588	-1
37600	-1
37608	-1
37609	-1
37612	-1
37637	-1
37638	-1
37639	-1
37698	-1
37775	-1
37789	-1
37802	-1
37981	1
38047	-1
38184	-1
38228	1
38246	-1
38250	-1
38273	-1
38297	1
38309	-1
38391	-1
38392	-1
38412	-1
38413	-1
38487	-1
38536	1
38539	-1
38617	-1
38710	-1
38712	-1
38739	-1
38777	-1
38900	-1
38908	1
39043	-1
39044	1
39173	-1
39188	-1
39242	-1
39254	-1
39258	1
39287	-1
39288	-1
39289	-1
39290	-1
39448	-1
39458	-1
39487	-1
39503	-1
39504	-1
39506	-1
39559	1
39569	-1
39574	-1
39575	-1
39599	1
39611	1
39614	1
39734	-1
39748	-1
39758	-1
39797	-1
39841	-1
39889	1
39915	1
39945	-1
39964	-1
39980	-1
40000	-1
40009	1
40010	-1
40013	-1
40060	-1
40069	1
40088	1
40103	-1
40163	-1
40168	-1
40169	1
40176	-1
40190	1
40286	-1
40293	-1
40333	-1
40334	-1
40335	-1
40356	-1
40359	-1
40530	-1
40547	-1
40701	-1
40744	-1
40750	-1
40972	1
40997	1
41025	-1
41036	-1
41037	-1
41039	-1
41040	-1
41051	-1
41052	-1
41066	-1
41087	-1
41255	-1
41266	-1
41282	-1
41287	-1
41288	-1
41290	-1
41304	-1
41339	-1
41358	-1
41362	-1
41370	-1
41475	1
41615	-1
41655	-1
41660	-1
42146	-1
42216	-1
42228	1
42396	1
42401	-1
42402	-1
42556	1
42726	-1
42835	-1
42847	1
42936	-1
42937	-1
42949	-1
42950	1
42952	-1
42953	-1
42954	-1
42956	1
42957	1
42964	-1
42967	1
42971	1
42973	1
42974	1
42977	-1
42978	-1
42980	-1
43018	-1
43019	-1
43020	-1
43024	-1
43025	-1
43026	-1
43027	-1
43028	1
43029	-1
43034	-1
43036	-1
43038	-1
43039	-1
43045	-1
43049	-1
43060	1
43069	-1
43083	-1
43096	-1
43128	-1
43129	-1
43130	-1
43139	-1
43140	-1
43155	-1
43171	-1
43184	-1
43186	-1
43188	-1
43189	-1
43199	-1
43201	-1
43202	-1
43203	-1
43204	-1
43228	-1
43278	-1
43367	-1
43385	-1
43391	-1
43453	-1
43482	-1
43549	-1
43585	1
43602	-1
43661	-1
43662	-1
43671	-1
43679	-1
43730	-1
43786	1
43903	-1
43939	-1
43942	-1
43979	-1
43991	-1
43992	-1
43996	-1
44013	-1
44031	-1
44038	1
44063	-1
44454	-1
44468	-1
44476	-1
44483	-1
44492	-1
44493	1
44499	-1
44516	-1
44560	-1
44596	1
44610	1
44627	-1
44665	1
44670	-1
44671	-1
44675	-1
44682	1
44739	-1
44755	-1
44856	-1
44858	1
44898	-1
44959	-1
45118	-1
45193	-1
45307	-1
45342	-1
45360	-1
45436	1
45481	-1
45484	-1
45496	-1
45526	-1
45543	-1
45567	1
45578	-1
45669	-1
45680	-1
45736	-1
45743	-1
45749	-1
45757	-1
45801	-1
45828	-1
45871	-1
45901	-1
45965	-1
46021	-1
46148	-1
46217	-1
46218	-1
46242	-1
46262	-1
46302	-1
46318	-1
46332	-1
46451	-1
46453	-1
46481	-1
46486	-1
46487	-1
46499	-1
46500	-1
46513	-1
46600	-1
46697	-1
46698	-1
46711	-1
46920	-1
47376	-1
47618	-1
47623	-1
47662	-1
47675	-1
47825	-1
47992	-1
48195	-1
48269	-1
48271	-1
48272	-1
48309	-1
48444	-1
48551	1
48559	-1
48846	-1
48911	-1
48922	-1
48923	-1
49019	-1
49020	-1
49057	-1
49079	1
49084	1
49093	-1
49145	-1
49167	-1
49168	-1
49176	1
49211	-1
49214	-1
49215	-1
49264	-1
49336	-1
49385	-1
49404	-1
49421	-1
49470	-1
49662	-1
49712	-1
49931	-1
50112	-1
50439	-1
50440	-1
50441	-1
50462	-1
50504	-1
50513	-1
50537	1
50544	-1
50545	-1
50624	-1
50643	-1
50662	-1
50694	-1
50735	-1
50742	-1
50746	-1
50769	-1
50806	-1
50815	-1
50870	-1
50886	-1
50909	-1
50973	-1
51027	-1
51028	-1
51041	-1
51113	-1
51146	-1
51167	-1
51194	-1
51237	-1
51530	-1
51584	-1
51589	-1
51689	-1
51801	-1
51831	-1
52076	-1
52171	-1
52375	-1
52434	-1
52700	-1
52737	-1
52740	1
52780	-1
52807	-1
52808	-1
52833	1
52841	-1
52878	-1
52880	-1
52950	-1
53028	-1
53126	-1
53166	-1
53180	-1
53185	-1
53229	-1
53285	-1
53336	-1
53337	-1
53457	-1
53585	1
53590	-1
53608	-1
53748	-1
53785	-1
53839	-1
53996	-1
54028	-1
54165	-1
54228	-1
54230	-1
54328	-1
54359	-1
54389	1
54534	-1
54656	-1
54720	-1
54728	-1
54765	-1
54936	-1
54942	-1
55100	-1
55153	-1
55296	-1
55459	-1
55524	-1
55530	-1
55548	-1
55572	-1
55608	-1
55702	-1
55848	1
55930	1
55939	-1
56036	-1
56037	-1
56041	-1
56046	-1
56083	-1
56084	-1
56085	-1
56092	-1
56097	-1
56107	-1
56108	-1
56120	-1
56122	1
56124	-1
56125	-1
56139	-1
56140	-1
56147	-1
56149	1
56182	-1
56184	-1
56196	-1
56275	-1
56355	-1
56388	-1
56404	-1
56504	1
56510	-1
56511	-1
56512	1
56516	1
56522	-1
56523	-1
56524	-1
56525	1
56529	1
56538	1
56543	1
56548	-1
56550	-1
56552	-1
56553	1
56554	1
56555	-1
56558	1
56567	-1
56569	-1
56578	1
56589	1
56596	-1
56606	-1
56607	-1
56617	1
56623	-1
56626	-1
56633	-1
56641	1
56652	1
56653	1
56656	1
56657	-1
56658	1
56659	1
56671	-1
56679	1
56683	1
56697	-1
56700	-1
56750	-1
56760	-1
56762	-1
56789	1
56792	-1
56793	-1
56805	-1
56808	-1
56809	1
56817	1
56829	1
56860	1
56905	-1
56907	-1
56908	-1
56914	-1
56931	-1
56932	-1
56934	-1
56935	-1
56939	-1
56949	1
56954	-1
56966	-1
56970	-1
56973	-1
56981	-1
56997	-1
57036	-1
57050	-1
57059	1
57070	1
57112	-1
57113	1
57116	-1
57118	-1
57122	-1
57126	-1
57145	-1
57162	1
57240	-1
57312	-1
57336	-1
57376	-1
57384	-1
57420	1
57448	-1
57450	1
57451	1
57476	1
57498	1
57504	1
57570	1
57583	1
57585	-1
57592	-1
57593	-1
57601	1
57620	1
57629	-1
57638	1
57640	1
57642	-1
57643	-1
57668	-1
57680	-1
57703	-1
57706	1
57708	-1
57728	-1
57766	-1
57773	1
57783	-1
57784	-1
57794	-1
57797	1
57814	-1
57815	-1
57816	-1
57849	-1
57850	1
57858	-1
57917	-1
58016	-1
58017	-1
58020	-1
58032	-1
58033	-1
58034	-1
58110	-1
58111	-1
58117	-1
58165	-1
58167	-1
58182	-1
58206	-1
58207	-1
58258	-1
58264	-1
58268	-1
58270	-1
58280	-1
58290	-1
58297	-1
58301	-1
58305	-1
58306	1
58307	-1
58363	-1
58401	-1
58472	-1
58474	-1
58604	-1
58612	1
58655	-1
58660	-1
58732	-1
58828	-1
58831	-1
59251	-1
59409	-1
59419	-1
59420	-1
59426	-1
59432	-1
59433	-1
59444	-1
59489	-1
59501	-1
59529	-1
59531	-1
59535	-1
59536	-1
59563	-1
59583	-1
59598	-1
59629	-1
59632	-1
59656	-1
59669	-1
59718	-1
59719	-1
59720	-1
59721	-1
59723	-1
59730	-1
59789	-1
59790	-1
59811	-1
59850	-1
59940	-1
60090	1
60133	-1
60145	1
60203	-1
60224	-1
60225	1
60276	1
60287	1
60313	1
60317	-1
60333	-1
60343	-1
60348	-1
60349	-1
60350	-1
60353	-1
60354	1
60384	1
60444	-1
60449	-1
60471	-1
60484	-1
60497	-1
60498	-1
60499	-1
60500	-1
60511	1
60552	-1
60571	-1
60593	-1
60594	-1
60600	-1
60602	-1
60609	-1
60631	1
60633	1
60639	-1
60645	-1
60684	-1
60685	1
60686	-1
60717	1
60748	-1
60758	-1
60781	-1
60814	1
60882	-1
60888	-1
60900	-1
60901	-1
60930	-1
60934	-1
60936	-1
60954	-1
60962	-1
60965	-1
60991	-1
60997	-1
61045	-1
61193	-1
61245	1
61281	-1
61285	-1
61294	-1
61412	-1
61475	-1
61530	-1
61744	-1
61747	-1
61768	-1
61769	1
61770	-1
61773	-1
61780	-1
61781	-1
61782	1
61805	-1
61825	-1
61830	-1
61883	1
61905	-1
61918	-1
61919	-1
61924	1
61930	-1
61945	-1
61952	-1
61953	-1
61970	-1
62017	-1
62018	1
62023	1
62031	-1
62105	-1
62113	-1
62155	-1
62196	-1
62259	-1
62361	-1
62458	-1
62502	-1
62560	-1
62563	-1
62630	-1
62679	-1
62742	-1
62835	-1
62982	-1
63029	-1
63030	-1
63031	-1
63042	-1
63083	-1
63292	-1
63568	-1
63569	-1
63584	-1
63655	-1
63660	-1
63867	-1
63868	1
63869	1
63880	-1
63882	-1
63883	1
63884	-1
63885	-1
63892	1
63893	-1
63900	-1
63901	1
63904	-1
63916	-1
63932	-1
63937	-1
63944	-1
63945	1
63946	-1
63952	-1
63953	-1
63955	1
63958	-1
63962	1
63972	-1
63975	-1
63978	-1
64004	-1
64009	-1
64025	1
64030	1
64031	-1
64043	-1
64044	-1
64050	-1
64051	1
64052	-1
64053	-1
64054	-1
64078	1
64084	-1
64086	-1
64097	1
64142	1
64150	-1
64213	1
64227	1
64255	-1
64326	-1
64417	1
64432	-1
64443	1
64573	-1
64593	-1
65078	-1
65079	-1
65190	-1
65207	-1
65246	-1
65247	-1
65255	-1
65424	-1
65678	-1
65679	-1
65681	-1
65716	-1
65718	-1
65811	-1
65938	-1
65943	-1
65975	1
65980	1
66000	1
66004	1
66013	1
66015	1
66018	-1
66025	1
66039	1
66041	1
66052	1
66094	1
66107	-1
66115	-1
66127	1
66129	-1
66166	1
66173	1
66194	1
66209	1
66218	1
66342	-1
66344	-1
66438	-1
66442	-1
66505	-1
66511	-1
66555	-1
66570	-1
66576	-1
66607	-1
66648	-1
66691	-1
66716	-1
66807	-1
66808	-1
66809	-1
66810	-1
66855	-1
66856	-1
66905	-1
67089	-1
67138	-1
67180	-1
67199	-1
67235	-1
67295	-1
67333	-1
67384	-1
67404	-1
67450	-1
67474	-1
67636	-1
67686	-1
67722	-1
67723	-1
67770	-1
67777	-1
67821	-1
67845	-1
67857	1
67861	1
67867	-1
67869	-1
67870	-1
67874	-1
67876	-1
67878	-1
67887	-1
67897	-1
67901	-1
67909	-1
67916	-1
67928	-1
67941	-1
68053	-1
68140	-1
68186	-1
68237	-1
68253	-1
68254	-1
68255	-1
68330	-1
68339	-1
68463	-1
68474	-1
68510	-1
68625	-1
68690	-1
68713	-1
68832	-1
68860	-1
68861	-1
68862	-1
68870	-1
68871	-1
68872	-1
68900	-1
68903	-1
68906	-1
68967	-1
69054	-1
69083	1
69092	-1
69104	-1
69137	-1
69235	-1
69290	-1
69339	-1
69351	-1
69375	-1
69389	-1
69437	-1
69473	-1
69488	-1
69598	-1
69620	-1
69633	1
69768	1
69794	-1
69836	-1
69849	-1
69861	1
69903	-1
69972	-1
70006	-1
70007	-1
70009	-1
70019	-1
70053	-1
70103	1
70164	1
70178	-1
70255	-1
70294	1
70298	-1
70305	1
70309	1
70312	1
70313	-1
70330	-1
70342	1
70366	1
70383	-1
70385	1
70448	-1
70462	1
70466	-1
70546	-1
70557	-1
70597	-1
70617	-1
70633	-1
70703	-1
70725	-1
70803	-1
70804	1
70851	-1
70869	1
70870	1
70886	-1
70893	-1
70894	1
70911	-1
70912	-1
70915	-1
70962	-1
71087	1
71095	-1
71096	1
71110	-1
71175	-1
71180	-1
71213	-1
71252	-1
71274	-1
71393	-1
71435	-1
71610	1
71812	-1
71835	-1
71907	1
71917	1
71918	1
71920	1
71933	-1
71943	-1
72057	1
72078	-1
72107	-1
72112	-1
72124	-1
72179	-1
72198	-1
72202	1
72203	-1
72212	-1
72260	-1
72341	-1
72363	-1
72364	-1
72372	-1
72384	1
72407	-1
72421	-1
72448	-1
72469	-1
72470	-1
72473	-1
72474	-1
72509	-1
72510	-1
72570	-1
72674	-1
72692	-1
72702	-1
72736	-1
72760	-1
72765	-1
72794	-1
72795	-1
72797	-1
72807	-1
72813	-1
72831	-1
72848	-1
72861	-1
72865	-1
72870	1
72873	-1
72874	1
72877	-1
72878	-1
72879	-1
72882	-1
72883	-1
72884	1
72891	1
72892	-1
72894	-1
72899	-1
72900	-1
72908	-1
72909	-1
72910	-1
72911	-1
72917	1
72923	-1
72924	-1
72925	-1
72927	1
72930	-1
72934	-1
72935	-1
72936	-1
72948	-1
72951	1
72959	1
72970	-1
72976	-1
72990	-1
73007	1
73020	1
73021	-1
73022	1
73023	-1
73031	1
73034	-1
73035	-1
73036	1
73048	-1
73072	-1
73074	1
73076	-1
73084	1
73125	-1
73126	-1
73129	-1
73132	-1
73135	-1
73139	-1
73156	-1
73158	1
73167	-1
73168	-1
73169	1
73186	-1
73193	1
73211	1
73224	-1
73225	-1
73226	-1
73227	1
73232	1
73233	-1
73243	-1
73244	1
73253	-1
73254	-1
73266	-1
73267	-1
73272	-1
73273	-1
73274	-1
73334	-1
73335	-1
73337	-1
73341	-1
73366	1
73372	-1
73384	-1
73386	-1
73424	-1
73427	-1
73428	-1
73429	-1
73430	-1
73440	-1
73446	-1
73455	-1
73504	-1
73510	-1
73539	-1
73540	-1
73566	-1
73581	-1
73582	-1
73612	-1
73640	-1
73641	-1
73650	-1
73663	-1
73665	-1
73677	1
73680	-1
73691	-1
73714	-1
73732	-1
73771	1
73780	-1
73855	-1
73857	-1
73858	1
73876	-1
73886	-1
73898	-1
73907	1
73913	-1
73915	-1
73917	-1
73958	1
73977	-1
74008	-1
74042	-1
74044	-1
74049	-1
74052	1
74055	-1
74057	-1
74075	-1
74099	-1
74110	-1
74169	-1
74176	-1
74177	-1
74178	-1
74183	-1
74208	-1
74247	-1
74250	1
74251	-1
74252	1
74255	-1
74256	-1
74293	1
74329	-1
74389	-1
74418	-1
74423	-1
74439	-1
74461	-1
74480	-1
74485	-1
74486	-1
74489	-1
74523	-1
74528	-1
74535	-1
74582	-1
74588	-1
74634	-1
74635	1
74650	1
74653	-1
74654	-1
74673	-1
74682	-1
74690	-1
74755	-1
74769	1
74819	-1
74837	-1
74896	-1
74897	1
74963	-1
74990	-1
75024	-1
75025	-1
75043	-1
75046	-1
75051	-1
75080	-1
75081	-1
75090	-1
75091	-1
75102	-1
75103	-1
75104	-1
75106	-1
75107	-1
75109	-1
75125	-1
75143	1
75145	1
75146	-1
75147	-1
75148	-1
75156	-1
75166	-1
75167	-1
75178	-1
75182	1
75200	-1
75203	-1
75219	-1
75222	-1
75252	-1
75255	-1
75258	-1
75268	-1
75275	-1
75276	-1
75298	-1
75343	-1
75345	-1
75355	-1
75361	-1
75372	-1
75374	-1
75392	-1
75393	-1
75394	-1
75404	-1
75405	-1
75411	-1
75412	-1
75413	-1
75414	-1
75415	-1
75455	-1
75462	-1
75475	-1
75476	-1
75481	-1
75511	1
75512	1
75539	1
75578	-1
75579	-1
75581	-1
75604	-1
75653	-1
75670	1
75677	1
75710	1
75736	1
75739	-1
75762	1
75769	1
75770	-1
75787	1
75860	-1
75912	-1
75916	-1
75918	-1
75926	-1
75945	-1
75966	1
75975	1
75976	1
75977	1
75996	-1
75998	-1
76015	-1
76021	1
76052	1
76053	1
76120	-1
76123	-1
76129	-1
76137	1
76147	-1
76148	-1
76149	1
76151	-1
76166	-1
76179	1
76292	-1
76382	-1
76413	-1
76498	-1
76841	-1
77047	-1
77083	-1
77114	-1
77220	-1
77312	-1
77334	-1
77524	-1
77525	-1
77580	-1
77592	-1
77594	1
77607	-1
77611	-1
77626	-1
77720	1
77723	-1
77751	-1
77791	-1
77792	1
77816	-1
78000	-1
78168	1
78187	-1
78334	-1
78335	-1
78336	-1
78402	-1
78602	-1
78638	-1
78662	-1
78742	-1
78766	-1
78836	-1
79329	-1
79342	-1
79352	-1
79546	-1
79589	-1
79592	-1
79849	-1
79920	1
79951	-1
79999	-1
80013	-1
80042	-1
80056	1
80380	-1
80386	-1
80509	-1
80597	-1
80620	-1
80714	-1
80730	-1
80743	1
80792	-1
80830	-1
80831	-1
80856	-1
80857	-1
80858	-1
80860	-1
80872	-1
80890	1
80903	-1
80920	-1
80926	-1
80936	-1
80962	-1
81030	1
81209	-1
81234	-1
81258	-1
81322	-1
81328	-1
81354	-1
81355	-1
81377	-1
81378	-1
81379	-1
81455	-1
81460	-1
81511	-1
81526	-1
81527	-1
81556	-1
81644	-1
81652	-1
81698	-1
81802	-1
81809	-1
81810	-1
81859	-1
81888	-1
81932	-1
81962	-1
81963	-1
81964	-1
81982	-1
82016	-1
82077	-1
82078	-1
82079	-1
82080	1
82098	-1
82220	-1
82225	-1
82280	-1
82370	-1
82382	1
82385	1
82401	-1
82405	-1
82621	-1
82644	1
82791	-1
82801	-1
82807	-1
82814	-1
82875	1
82876	-1
82931	-1
82978	1
83063	-1
83095	1
83098	-1
83100	-1
83104	1
83109	1
83117	1
83185	-1
83186	-1
83211	1
83212	-1
83262	-1
83279	-1
83336	-1
83367	-1
83391	-1
83392	-1
83452	1
83482	-1
83495	1
83514	1
83555	-1
83565	-1
83573	-1
83574	-1
83613	-1
83627	-1
83634	-1
83635	-1
83669	-1
83717	-1
83885	-1
83945	-1
84071	1
84073	1
84082	1
84105	1
84149	-1
84151	-1
84249	-1
84395	1
84531	-1
84664	1
84712	1
84716	-1
84776	-1
84815	-1
84816	-1
84956	1
84982	-1
85114	1
85158	1
85196	1
85199	-1
85212	-1
85214	-1
85259	-1
85425	-1
85428	-1
85432	-1
85459	-1
85485	1
85513	-1
85574	-1
85608	-1
85616	-1
85664	-1
85693	-1
85697	-1
85705	1
85720	-1
85721	-1
85929	-1
85989	-1
86092	-1
86162	-1
86207	-1
86213	-1
86244	-1
86348	-1
86349	-1
86384	-1
86653	-1
86694	-1
86695	-1
86697	-1
87346	-1
87347	1
87747	-1
87902	-1
88101	-1
88441	-1
88715	-1
88979	1
89070	-1
89082	-1
89104	-1
89105	-1
89115	-1
89377	-1
89382	-1
89722	-1
89757	-1
89962	-1
90012	1
90032	-1
90033	1
90048	1
90060	-1
90061	-1
90120	-1
90132	-1
90134	-1
90176	1
90200	1
90251	-1
90264	1
90289	-1
90290	-1
90315	-1
90321	-1
90387	-1
90395	-1
90400	-1
90435	1
90454	-1
90485	-1
90499	-1
90523	-1
90533	1
90560	-1
90573	-1
90580	1
90592	-1
90604	-1
90622	-1
90663	-1
90664	-1
90668	-1
90670	-1
90671	-1
90703	-1
90715	-1
90716	-1
90720	1
90721	-1
90744	-1
90781	-1
90852	-1
90869	-1
90871	-1
90926	-1
91074	-1
91150	-1
91160	-1
91198	-1
91204	1
91228	-1
91261	-1
91268	1
91310	-1
91449	-1
91465	-1
91473	-1
91501	-1
91638	-1
91655	-1
91696	-1
91706	-1
91728	-1
91775	-1
91819	-1
91922	-1
91935	1
91980	-1
91995	-1
92051	-1
92148	-1
92282	-1
92301	-1
92451	-1
92577	-1
92659	-1
92754	-1
93051	-1
93053	-1
93073	1
93076	-1
93077	-1
93155	-1
93312	-1
93313	-1
93410	-1
93443	-1
93449	-1
93518	-1
93535	-1
93536	1
93540	-1
93582	-1
93593	-1
93657	-1
93682	-1
93762	-1
93763	-1
93764	-1
93765	-1
93766	-1
93773	-1
93788	-1
93854	1
93861	-1
93863	-1
93879	-1
93923	-1
93925	-1
94012	-1
94021	-1
94022	-1
94023	-1
94085	-1
94117	-1
94248	-1
94272	-1
94424	-1
94427	-1
94686	-1
94743	1
94781	-1
94804	-1
95034	1
95035	1
95057	1
95070	1
95100	-1
95102	-1
95105	-1
95111	-1
95114	-1
95117	-1
95119	-1
95122	1
95129	1
95135	1
95139	-1
95165	1
95169	-1
95180	-1
95211	1
95223	-1
95224	-1
95225	-1
95234	1
95254	-1
95261	-1
95263	-1
95276	1
95277	-1
95278	-1
95279	-1
95284	-1
95285	-1
95286	-1
95291	-1
95296	1
95357	-1
95361	1
95391	-1
95395	-1
95409	-1
95419	-1
95500	-1
95734	-1
95782	-1
95783	1
95801	-1
95826	-1
95828	-1
95835	-1
95852	-1
95853	-1
95855	-1
95866	1
95868	-1
95877	-1
95893	-1
95897	-1
95924	-1
95926	-1
95942	1
95963	-1
95973	-1
95981	-1
95986	-1
95991	-1
95994	-1
96013	-1
96020	-1
96037	-1
96062	-1
96102	-1
96126	-1
96129	-1
96134	1
96150	-1
96153	-1
96182	-1
96199	-1
96204	-1
96229	-1
96239	-1
96296	-1
96426	-1
96427	-1
96428	-1
96452	-1
96501	-1
96515	-1
96721	-1
96730	-1
96924	-1
97003	1
97236	-1
97436	-1
97460	-1
97461	-1
97636	-1
97637	-1
97638	-1
97680	-1
97681	-1
97734	-1
97791	1
97858	-1
97859	-1
97901	-1
97974	-1
98023	-1
98045	-1
98053	-1
98117	-1
98125	-1
98152	-1
98228	-1
98231	-1
98246	-1
98381	-1
98489	1
98520	-1
98553	-1
98569	-1
98611	-1
98639	-1
98641	-1
98835	1
98984	-1
99101	-1
99195	-1
99376	-1
99438	1
99560	-1
99623	-1
99769	-1
99962	-1
100142	-1
100376	-1
100606	-1
100818	-1
100893	-1
101415	-1
101522	-1
102174	-1
102640	-1
102653	-1
102667	-1
102668	-1
102754	1
102797	-1
102809	1
102812	1
102859	1
102871	-1
102894	-1
102921	1
103001	-1
103021	-1
103027	-1
103029	-1
103060	-1
103062	-1
103112	-1
103122	-1
103123	1
103137	1
103179	-1
103188	-1
103197	-1
103326	-1
103337	-1
103339	-1
103571	-1
103572	-1
103573	-1
103602	-1
103621	1
103622	-1
103647	-1
103675	-1
103697	1
103709	1
103716	-1
103717	-1
103720	-1
103731	-1
103732	-1
103733	-1
103753	-1
103754	-1
103778	-1
103786	-1
103792	-1
103793	-1
103800	-1
103802	-1
103810	-1
103819	-1
103820	-1
103923	-1
104192	-1
104281	-1
104382	-1
104395	-1
104671	-1
104965	-1
105140	-1
105151	-1
105167	-1
105168	-1
105169	-1
105170	-1
105171	-1
105173	-1
105219	-1
105221	-1
105226	1
105235	1
105247	1
105249	-1
105254	-1
105280	-1
105297	-1
105301	1
105304	1
105319	-1
105350	1
105365	-1
105366	-1
105372	-1
105373	-1
105387	-1
105388	-1
105407	-1
105415	-1
105421	-1
105441	-1
105448	-1
105459	-1
105495	-1
105497	-1
105529	-1
105532	-1
105562	-1
105574	1
105585	-1
105590	-1
105619	-1
105643	1
105659	1
105660	-1
105661	-1
105696	-1
105949	-1
106137	-1
106270	-1
106435	-1
106463	-1
106464	-1
106539	-1
106596	-1
106734	-1
106745	-1
106817	-1
106887	-1
107041	-1
107158	-1
107203	-1
107572	-1
107648	-1
107718	-1
107917	-1
107921	-1
107939	1
107941	1
107951	-1
107953	1
107955	-1
107957	-1
107961	-1
107964	-1
107988	-1
108022	1
108023	1
108047	-1
108048	-1
108049	-1
108050	-1
108054	-1
108072	-1
108085	1
108130	-1
108145	-1
108146	-1
108153	-1
108158	-1
108167	-1
108169	-1
108174	-1
108196	-1
108199	-1
108238	-1
108272	1
108273	1
108282	1
108286	-1
108300	-1
108301	-1
108312	1
108318	-1
108319	1
108320	-1
108329	-1
108330	-1
108331	1
108344	-1
108346	1
108347	-1
108352	-1
108358	-1
108362	1
108369	-1
108374	-1
108378	-1
108382	1
108383	-1
108386	-1
108393	-1
108410	-1
108413	-1
108422	-1
108441	-1
108450	-1
108452	-1
108453	-1
108457	-1
108459	-1
108480	-1
108483	1
108487	-1
108491	-1
108498	-1
108507	1
108516	-1
108526	-1
108533	-1
108537	-1
108544	-1
108549	-1
108553	-1
108564	-1
108574	1
108576	1
108578	1
108607	-1
108612	-1
108630	-1
108632	-1
108633	-1
108639	1
108668	-1
108680	-1
108681	-1
108697	-1
108708	-1
108742	-1
108745	-1
108758	1
108768	-1
108769	1
108777	1
108857	1
108864	-1
108884	-1
108887	-1
108888	-1
108946	-1
108960	-1
108971	-1
108972	-1
108973	-1
108974	-1
108975	-1
108976	-1
108977	-1
108978	-1
108979	-1
108980	-1
108981	-1
108982	-1
108983	-1
108984	-1
108985	-1
108986	-1
108987	-1
108988	-1
108989	-1
108990	-1
108991	-1
108992	-1
109002	1
109003	-1
109026	-1
109033	-1
109044	-1
109063	-1
109065	-1
109080	-1
109175	-1
109177	-1
109180	-1
109189	-1
109213	-1
109214	-1
109266	-1
109356	-1
109379	-1
109499	-1
109525	-1
109596	-1
109607	-1
109608	-1
109609	-1
109610	-1
109611	-1
109612	-1
109613	-1
109614	-1
109615	-1
109616	-1
109617	-1
109618	-1
109619	-1
109620	-1
109621	-1
109622	-1
109627	-1
109633	-1
109704	-1
109771	-1
109776	1
109813	-1
109814	-1
109874	-1
109885	-1
109887	-1
109888	-1
109905	-1
109947	-1
109948	-1
109949	-1
109971	-1
110005	-1
110015	-1
110141	-1
110161	-1
110203	-1
110210	-1
110233	-1
110251	-1
110414	-1
110415	-1
110438	-1
110439	-1
110440	-1
110452	-1
110547	-1
110644	-1
110646	-1
110654	-1
110667	-1
110683	-1
110698	1
110704	-1
110724	1
110725	-1
110734	-1
110767	-1
110774	1
110781	1
110852	1
110861	-1
110899	-1
110906	-1
110907	-1
110933	-1
110943	1
110957	-1
110967	1
110983	-1
111014	-1
111034	-1
111052	-1
111080	-1
111086	-1
111222	-1
111226	1
111251	1
111258	-1
111314	-1
111380	-1
111395	-1
111578	-1
111609	-1
111629	-1
111893	-1
111906	-1
111958	-1
112091	-1
112236	-1
112395	-1
112417	-1
112440	-1
112463	-1
112536	1
112539	-1
112658	-1
112695	-1
112889	-1
112920	1
112921	-1
112922	-1
112935	-1
112936	1
112957	-1
112990	-1
113013	1
113019	-1
113040	-1
113042	-1
113050	-1
113062	-1
113067	-1
113068	-1
113070	1
113074	-1
113099	-1
113103	1
113104	1
113106	-1
113107	-1
113124	-1
113125	-1
113134	-1
113139	-1
113153	-1
113197	1
113199	-1
113217	-1
113218	-1
113263	-1
113297	-1
113298	1
113302	-1
113334	-1
113339	-1
113351	-1
113359	1
113365	-1
113366	-1
113367	-1
113368	-1
113369	-1
113375	-1
113405	-1
113423	-1
113424	-1
113434	1
113442	-1
113443	-1
113457	-1
113471	-1
113472	-1
113474	-1
113479	-1
113480	-1
113489	-1
113490	-1
113491	-1
113492	-1
113511	-1
113591	1
113618	-1
113620	-1
113661	-1
113671	-1
113733	-1
113752	1
113755	1
113769	-1
113814	-1
113943	-1
113944	-1
113965	1
113978	-1
113988	-1
114221	-1
114271	-1
114376	1
114480	1
114526	-1
114531	-1
114573	-1
114736	-1
114770	-1
114783	-1
114789	1
114811	-1
114815	-1
114816	-1
114817	-1
115033	-1
115042	-1
115188	-1
115189	-1
115238	1
115344	1
115387	-1
115440	-1
115506	-1
115525	-1
115535	-1
115621	-1
115776	-1
116081	-1
116090	-1
116091	-1
116106	-1
116137	-1
116173	1
116275	-1
116299	-1
116418	-1
116434	-1
116572	-1
116583	-1
116630	-1
116650	-1
116709	1
116775	-1
116853	-1
116856	-1
116935	-1
116936	-1
116937	-1
116938	-1
116939	-1
116940	-1
117066	-1
117165	-1
117194	1
117254	-1
117264	-1
117404	-1
117438	-1
117472	-1
117491	-1
117518	-1
117560	-1
117561	-1
117576	-1
117595	-1
117603	-1
117677	-1
117678	-1
117760	-1
117764	-1
117767	-1
117800	1
117868	-1
117869	-1
117917	-1
117952	-1
117991	-1
117995	-1
118027	-1
118041	-1
118069	-1
118127	1
118327	-1
118342	-1
118407	-1
118507	-1
118512	-1
118518	-1
118791	-1
118969	-1
119006	-1
119007	-1
119008	1
119239	-1
119364	-1
119395	-1
119708	-1
119716	-1
119848	-1
119968	-1
119985	1
120209	-1
120336	-1
120342	1
120405	-1
120409	-1
120412	-1
120421	-1
120491	1
120539	-1
120547	-1
120798	-1
120838	-1
120956	-1
121052	-1
121053	-1
121054	-1
121163	-1
121190	1
121311	-1
121340	-1
121341	-1
121403	1
121450	-1
121472	-1
121505	-1
121513	-1
121610	-1
121619	-1
122055	-1
122118	-1
122140	-1
122144	-1
122249	-1
122267	-1
122281	-1
122294	-1
122299	-1
122344	-1
122356	-1
122453	-1
122499	-1
122500	-1
122607	-1
122616	1
122670	-1
122717	-1
122746	-1
122773	-1
122775	-1
122792	1
122871	-1
122877	-1
122895	-1
122951	1
122973	-1
122974	-1
123095	1
123098	1
123116	-1
123135	-1
123165	-1
123175	-1
123186	1
123199	-1
123214	-1
123215	-1
123231	-1
123232	-1
123254	-1
123268	-1
123286	-1
123348	-1
123351	-1
123377	-1
123394	-1
123441	-1
123454	-1
123517	1
123570	-1
123579	-1
123624	-1
123663	-1
123695	-1
123712	-1
123782	-1
123809	1
123823	-1
123832	-1
123925	-1
124011	1
124039	-1
124100	-1
124111	-1
124141	-1
124222	-1
124375	-1
124379	-1
124452	-1
124538	-1
124592	-1
124754	-1
124779	-1
124874	-1
124878	-1
124977	-1
125193	-1
125660	-1
125700	-1
125743	-1
125844	-1
126022	-1
126314	1
126339	-1
126341	-1
126398	-1
126405	-1
126406	-1
126408	-1
126414	-1
126415	-1
126468	-1
126472	-1
126481	-1
126561	-1
126565	1
126568	-1
126625	-1
126749	-1
126760	-1
126768	-1
126769	-1
126827	1
126849	-1
126995	-1
127063	-1
127086	-1
127121	-1
127143	-1
127303	-1
127365	-1
127421	-1
127423	-1
127424	-1
127502	-1
127697	-1
127698	-1
127715	-1
127856	-1
127908	-1
128160	-1
128928	-1
129191	-1
129246	-1
129259	-1
129497	-1
129514	1
129758	-1
130334	-1
130371	-1
130611	-1
130646	-1
131079	-1
131108	-1
131158	1
131167	1
131168	-1
131228	1
131246	-1
131293	-1
131324	1
131409	-1
131423	-1
131443	-1
131444	-1
131454	-1
131466	-1
131491	-1
131629	-1
131632	-1
131640	1
131688	1
131711	1
131762	-1
131776	-1
131777	-1
131924	-1
131984	-1
131985	-1
132160	-1
132219	-1
132229	-1
132247	-1
132304	-1
132350	-1
132360	-1
132366	-1
132407	1
132427	-1
132509	-1
132536	-1
132537	-1
132559	-1
132588	-1
132610	-1
132656	-1
132657	-1
132659	-1
132660	-1
132833	-1
132929	1
132951	-1
132952	-1
132965	-1
133006	-1
133025	-1
133031	-1
133121	-1
133141	-1
133389	-1
133409	-1
133434	-1
133465	-1
133576	-1
133750	-1
133751	-1
133769	-1
133771	-1
133824	-1
133843	-1
133932	-1
133979	-1
133993	-1
133994	-1
134001	1
134002	-1
134026	-1
134071	-1
134361	-1
134376	1
134378	-1
134402	-1
134450	-1
134602	-1
134636	-1
134662	1
134663	-1
135005	-1
135527	1
135568	-1
135606	1
135608	-1
135609	-1
135613	1
135618	-1
135619	-1
135624	1
135632	-1
135641	-1
135659	-1
135664	1
135668	-1
135669	-1
135673	-1
135682	1
135693	-1
135705	-1
135710	-1
135717	-1
135736	-1
135737	-1
135742	-1
135745	1
135752	-1
135753	-1
135754	-1
135758	-1
135771	1
135781	-1
135782	1
135787	-1
135788	-1
135805	-1
135828	-1
135849	-1
135851	-1
135852	-1
135853	-1
135861	-1
135862	-1
135863	1
135872	-1
135876	-1
135883	-1
135892	-1
135900	1
135908	-1
135940	-1
135947	-1
135948	-1
135973	-1
135978	-1
135986	-1
136005	-1
136016	1
136017	1
136026	1
136047	-1
136073	-1
136286	-1
136287	-1
136340	-1
136341	1
136360	-1
136431	1
136466	-1
136566	-1
136585	-1
136635	1
136648	1
136830	-1
136845	-1
137227	-1
137300	-1
137301	-1
137349	-1
137378	-1
137550	-1
137561	-1
137632	-1
137800	-1
137801	-1
137995	-1
138211	-1
138458	-1
138626	1
138645	-1
138646	-1
138653	1
138664	1
138698	-1
138703	-1
138722	-1
138766	-1
138791	-1
138886	-1
139234	-1
139241	1
139292	-1
139301	-1
139306	-1
139448	1
139633	-1
139764	-1
139814	-1
139819	-1
139834	-1
139835	-1
139859	-1
140013	-1
140079	1
140165	-1
140182	1
140188	-1
140245	-1
140301	-1
140336	-1
140343	-1
140518	-1
140563	-1
140585	-1
140622	-1
140702	-1
140754	-1
140766	-1
140787	1
140895	-1
140945	-1
141006	-1
141080	-1
141109	-1
141128	-1
141172	-1
141330	1
141331	-1
141332	-1
141353	-1
141385	1
141398	-1
141436	1
141477	-1
141581	-1
141732	-1
141815	-1
141831	-1
141872	-1
141904	-1
141965	-1
141980	-1
142217	-1
142218	-1
142260	-1
142372	-1
142373	-1
142380	-1
142418	-1
142419	1
142420	-1
142421	1
142467	1
142468	-1
142548	1
142576	-1
142603	1
143079	-1
143224	-1
143575	1
143739	-1
143757	-1
143932	-1
144082	-1
144086	-1
144170	-1
144171	-1
144172	-1
144173	-1
144174	-1
144185	1
144193	-1
144202	-1
144204	-1
144232	1
144235	-1
144240	-1
144267	-1
144312	-1
144331	-1
144362	-1
144364	-1
144365	-1
144587	-1
144603	-1
144851	-1
145014	-1
145149	-1
145214	-1
145264	-1
145383	-1
145450	-1
145451	-1
145523	-1
145731	-1
145901	-1
146030	-1
146068	-1
146193	-1
146206	-1
146219	-1
146247	1
146279	-1
146393	-1
146437	-1
146487	-1
146488	-1
146493	-1
146498	-1
146521	-1
146546	1
146579	-1
146617	-1
147370	-1
147528	-1
147535	-1
147553	-1
147851	-1
148185	-1
148234	-1
148235	-1
148246	-1
148344	-1
148677	-1
148708	-1
148715	-1
148717	-1
148841	-1
148871	-1
148886	-1
148891	-1
148892	-1
148896	-1
148901	-1
148904	-1
148921	-1
148935	-1
148944	-1
148958	-1
148966	-1
148968	-1
148974	-1
149012	1
149057	-1
149058	-1
149059	1
149064	-1
149065	-1
149100	1
149118	1
149119	-1
149136	-1
149162	-1
149163	-1
149192	-1
149199	-1
149210	-1
149214	-1
149216	-1
149218	1
149222	-1
149232	1
149254	1
149263	-1
149275	-1
149305	1
149313	-1
149319	-1
149336	-1
149361	-1
149390	-1
149391	-1
149461	-1
149471	-1
149472	-1
149478	-1
149485	-1
149487	-1
149497	-1
149519	-1
149520	-1
149532	-1
149535	1
149575	-1
149576	1
149582	-1
149614	-1
149628	-1
149629	-1
149642	-1
149647	-1
149648	-1
149670	-1
149675	-1
149676	-1
149707	-1
149709	-1
149760	-1
149847	-1
149871	-1
149873	-1
149874	-1
149875	1
149927	-1
149940	-1
149944	-1
149965	1
149986	-1
150008	-1
150010	-1
150013	-1
150019	-1
150022	-1
150057	-1
150061	-1
150065	-1
150066	-1
150067	-1
150070	-1
150072	-1
150080	-1
150082	-1
150086	-1
150092	-1
150103	-1
150105	-1
150110	-1
150149	-1
150155	-1
150181	-1
150203	-1
150210	-1
150213	-1
150236	-1
150270	-1
150327	-1
150328	-1
150329	-1
150330	-1
150335	-1
150346	-1
150350	-1
150392	-1
150400	-1
150459	-1
150536	-1
150541	-1
150545	-1
150568	-1
150569	-1
150570	-1
150628	-1
150697	-1
150702	-1
150703	-1
150707	-1
150762	-1
150810	-1
150833	-1
150837	-1
150869	-1
150939	-1
150967	-1
150973	-1
151028	-1
151029	-1
151065	-1
151093	-1
151094	1
151135	-1
151180	-1
151424	-1
151511	-1
151541	-1
151576	-1
151650	-1
151764	-1
151775	-1
151776	-1
151777	1
151789	-1
151791	-1
151793	-1
151811	-1
151868	-1
151884	-1
151932	1
151934	-1
151941	-1
151945	-1
152000	-1
152022	-1
152024	-1
152037	-1
152039	1
152040	-1
152066	1
152101	-1
152114	-1
152149	-1
152156	-1
152157	-1
152187	-1
152214	-1
152235	-1
152245	-1
152246	-1
152247	-1
152279	-1
152281	-1
152312	-1
152363	-1
152386	-1
152405	-1
152436	-1
152440	-1
152455	-1
152457	-1
152458	-1
152459	-1
152460	-1
152462	-1
152463	-1
152520	-1
152543	-1
152580	-1
152644	-1
152645	-1
152656	-1
152662	-1
152691	-1
152732	-1
152797	-1
152811	-1
152825	-1
152840	-1
152875	-1
152876	-1
152884	-1
152958	-1
152964	-1
153053	-1
153139	-1
153257	-1
153265	-1
153270	-1
153271	-1
153272	1
153289	1
153298	1
153314	-1
153393	-1
153425	-1
153426	-1
153430	-1
153431	-1
153436	-1
153441	-1
153453	-1
153459	-1
153460	-1
153472	-1
153500	-1
153501	-1
153595	-1
153611	-1
153651	-1
153653	-1
153656	-1
153666	-1
153696	1
153722	-1
153736	-1
153761	-1
153765	-1
153800	-1
153803	-1
153812	-1
153814	-1
153815	-1
153890	-1
154023	-1
154063	-1
154068	-1
154127	-1
154144	-1
154151	-1
154227	-1
154239	1
154249	-1
154309	1
154346	-1
154348	-1
154379	1
154384	-1
154390	1
154445	-1
154565	-1
154566	-1
154619	-1
154653	-1
154688	-1
154706	-1
154729	-1
154764	-1
154795	-1
154845	-1
154860	-1
154922	-1
154970	-1
155011	-1
155035	-1
155036	-1
155037	-1
155038	-1
155100	-1
155138	-1
155141	-1
155149	-1
155165	-1
155181	-1
155227	-1
155249	-1
155250	-1
155260	-1
155337	-1
155352	-1
155355	-1
155361	-1
155392	-1
155393	-1
155401	-1
155407	-1
155408	-1
155409	-1
155437	-1
155468	-1
155474	-1
155500	-1
155501	-1
155502	-1
155503	-1
155504	-1
155505	-1
155506	-1
155507	-1
155535	-1
155559	-1
155560	-1
155572	-1
155588	-1
155605	-1
155628	-1
155629	-1
155630	-1
155638	-1
155641	-1
155642	-1
155661	-1
155666	-1
155667	-1
155735	-1
155736	-1
155769	-1
156604	-1
156729	1
157205	-1
157212	-1
157255	-1
157293	-1
157364	-1
157379	-1
157400	-1
157485	-1
157514	1
157541	1
157560	-1
157573	-1
157666	-1
157721	-1
157722	-1
157760	-1
157810	-1
157906	-1
157916	-1
157922	1
157952	-1
158063	-1
158141	-1
158186	-1
158249	-1
158270	-1
158282	1
158284	-1
158289	-1
158341	-1
158448	-1
158508	-1
158569	-1
158615	-1
158676	-1
158677	-1
158703	-1
158771	-1
158801	-1
159005	-1
159046	-1
159056	-1
159194	-1
159196	-1
159240	1
159288	-1
159289	-1
159290	-1
159291	-1
159302	-1
159640	-1
159722	-1
159741	-1
159770	-1
159773	-1
159891	-1
159892	-1
160038	-1
160112	-1
160240	-1
160343	-1
160349	-1
160360	-1
160361	-1
160369	-1
160370	-1
160371	-1
160372	-1
160373	-1
160374	-1
160375	-1
160384	1
160474	-1
160653	-1
160664	-1
160671	-1
160674	-1
160675	-1
160682	-1
160684	-1
160690	-1
160691	-1
160715	-1
160716	-1
160748	-1
160883	-1
160895	-1
160896	-1
160897	-1
160904	-1
160919	-1
160920	-1
160928	-1
160981	-1
160985	1
161016	-1
161066	-1
161229	-1
161230	-1
161244	-1
161257	-1
161458	-1
161553	-1
161784	-1
161898	-1
161968	-1
161969	-1
161988	-1
162037	-1
162089	-1
162108	-1
162110	-1
162144	-1
162145	-1
162146	-1
162154	-1
162265	-1
162275	-1
162281	-1
162284	-1
162294	-1
162315	-1
162429	-1
162485	-1
162488	-1
162518	-1
162564	-1
162576	-1
162577	-1
162584	-1
162595	-1
162634	-1
162661	-1
162700	-1
162883	-1
162917	-1
162927	-1
163115	-1
163163	1
163182	-1
163325	-1
163362	-1
163420	1
163438	-1
163451	-1
163542	-1
163590	-1
163591	-1
163648	-1
163680	-1
163777	-1
163778	-1
163908	-1
163925	-1
164107	-1
164186	-1
164295	-1
164350	-1
164544	-1
164561	1
164591	-1
164685	-1
164792	-1
164854	1
164996	-1
164997	-1
164998	-1
165009	-1
165038	-1
165350	-1
165351	-1
165574	-1
165770	-1
165785	-1
166308	-1
166335	-1
166394	-1
166755	-1
166946	-1
166947	-1
166987	-1
167205	1
167284	-1
167612	-1
167680	1
167918	-1
168042	-1
168283	-1
168377	-1
168696	-1
168809	-1
168868	-1
169255	-1
169864	-1
169947	-1
169997	-1
170018	-1
170056	-1
170136	-1
170150	-1
170285	-1
170329	-1
170381	-1
170382	-1
170416	-1
170505	-1
170516	-1
170569	-1
170619	-1
170673	-1
170955	-1
170964	-1
171057	-1
171163	-1
171193	-1
171363	-1
171404	-1
171451	-1
171453	-1
171641	-1
171737	-1
171755	1
171757	-1
171795	-1
171865	1
172190	-1
172843	-1
173187	1
173410	-1
173451	-1
173473	-1
173510	-1
173673	-1
173725	-1
173726	-1
173733	-1
173734	-1
173788	-1
173804	-1
173805	-1
173806	-1
173807	-1
174020	1
174082	-1
174157	-1
174450	-1
174478	-1
174479	-1
174598	-1
174606	-1
174639	-1
175004	-1
175026	-1
175091	-1
175219	-1
175220	-1
175221	-1
175222	-1
175441	-1
175634	-1
175683	-1
175911	-1
175977	-1
175979	-1
176006	-1
176316	-1
176398	-1
176407	-1
176414	-1
176417	-1
176418	1
176419	-1
176420	-1
176422	-1
176451	-1
176454	1
176582	-1
176625	-1
176630	-1
176644	-1
176675	-1
176711	-1
176780	1
176790	-1
176819	1
176835	-1
176884	-1
176909	-1
176911	-1
176920	-1
176968	-1
177000	1
177068	1
177137	-1
177146	-1
177147	-1
177170	1
177222	-1
177252	-1
177322	-1
177327	-1
177336	-1
177345	-1
177362	-1
177383	-1
177394	-1
177412	-1
177413	-1
177417	-1
177421	-1
177628	-1
177630	-1
177676	1
177745	-1
177775	-1
177954	-1
177996	-1
177998	-1
178088	-1
178290	-1
178302	-1
178310	-1
178378	-1
178481	-1
178519	-1
178535	-1
178583	-1
178678	-1
178987	-1
179066	-1
179203	-1
179480	-1
179481	-1
179512	-1
179574	-1
179636	-1
179844	-1
179914	-1
179994	-1
180025	-1
180029	-1
180095	-1
180113	-1
180159	-1
180192	-1
180320	-1
180383	-1
180544	-1
180545	-1
180729	-1
180840	-1
181201	-1
181329	-1
181418	-1
181539	-1
181541	-1
181542	-1
181552	-1
181562	1
181674	-1
181699	-1
181757	-1
181785	-1
181789	-1
181795	1
181796	1
181883	-1
181885	-1
181957	-1
182096	-1
182098	-1
182180	-1
182181	-1
182217	-1
182375	-1
182550	-1
182612	-1
182664	-1
182894	-1
182996	-1
183122	-1
183123	-1
183207	-1
183222	-1
183253	-1
183308	-1
183336	-1
183363	-1
183458	-1
183629	-1
183817	-1
183836	-1
183887	-1
183907	-1
184045	-1
184326	-1
184523	-1
184572	-1
184659	-1
184707	-1
184896	-1
184904	-1
184947	-1
184963	-1
185004	-1
185060	-1
185090	-1
185091	-1
185101	-1
185102	-1
185115	-1
185137	-1
185308	-1
185472	-1
185525	-1
185526	-1
185704	1
185903	-1
186238	-1
186294	-1
186869	-1
186922	-1
186963	-1
187062	-1
187089	-1
187842	-1
187903	-1
188154	-1
188196	-1
188203	-1
188243	-1
188389	-1
188502	-1
188503	-1
188510	-1
188760	-1
188762	-1
188776	-1
188784	-1
188788	-1
188796	-1
188801	-1
188815	-1
188820	-1
188821	-1
188827	-1
188830	-1
188834	-1
188835	-1
188837	-1
188838	-1
188840	1
188842	-1
188852	-1
188882	-1
188887	-1
188911	-1
189008	-1
189419	-1
189437	-1
189466	1
189496	-1
189713	-1
189721	-1
189958	-1
189959	-1
189960	-1
190217	-1
190400	-1
190728	-1
190784	-1
190789	-1
190790	-1
190796	-1
190810	-1
191473	-1
191524	-1
191674	-1
192066	-1
192107	-1
192264	-1
192365	-1
192483	-1
192905	-1
192907	-1
193260	-1
193278	-1
193422	-1
193750	-1
193753	-1
193909	1
193987	1
194008	-1
194045	-1
194062	-1
194196	-1
194233	-1
194319	-1
194370	-1
194381	-1
194388	-1
194440	-1
194456	-1
194520	-1
194521	-1
194540	-1
194544	-1
194551	-1
194641	-1
194642	-1
194647	-1
194719	-1
194775	-1
194779	-1
194787	-1
194976	-1
195030	-1
195082	-1
195192	-1
195386	-1
195406	-1
195452	-1
195571	-1
195809	-1
195810	-1
196059	-1
196102	-1
196103	1
196107	-1
196110	-1
196115	-1
196139	-1
196142	-1
196144	-1
196159	-1
196173	-1
196175	-1
196198	-1
196206	-1
196207	-1
196213	1
196221	-1
196228	-1
196229	-1
196333	-1
196342	-1
196343	-1
196669	-1
196954	-1
197109	-1
197545	-1
198242	-1
198270	-1
198277	-1
198638	-1
198753	-1
198835	-1
198843	-1
198880	-1
198881	-1
199073	-1
199554	-1
199605	-1
199609	-1
199691	-1
199703	-1
199707	-1
199809	-1
199833	-1
199916	-1
200501	1
200719	-1
200912	-1
200941	-1
200978	-1
200986	-1
201006	-1
201138	-1
201450	-1
201451	-1
201458	-1
201622	-1
201733	-1
201781	-1
201785	-1
201858	-1
201911	-1
202106	-1
202158	-1
202277	-1
202355	-1
202492	-1
202954	1
202964	-1
203449	-1
203715	-1
203733	-1
204055	-1
204152	-1
204284	-1
204441	-1
204444	-1
204447	-1
204558	-1
204596	-1
204876	-1
205572	-1
205648	-1
205699	-1
205730	-1
205734	-1
205794	-1
205830	-1
206054	-1
206300	-1
206451	-1
206852	-1
207326	-1
207501	-1
207542	-1
207565	-1
207790	-1
208674	-1
209123	-1
209309	-1
209310	-1
209360	-1
209383	-1
209420	-1
209433	-1
209436	-1
209437	-1
209443	-1
209447	-1
209487	-1
209521	-1
209624	1
209640	1
209644	-1
209679	1
209693	-1
209756	-1
209803	-1
209804	-1
209839	-1
209840	-1
209944	-1
209976	-1
210063	-1
210066	-1
210134	1
210152	-1
210153	-1
210172	1
210173	1
210182	-1
210209	-1
210212	-1
210297	1
210351	1
210365	-1
210366	-1
210380	-1
210453	-1
210454	1
210501	1
210508	1
210559	-1
210579	-1
210670	-1
210870	-1
210871	-1
210872	-1
210928	-1
211248	-1
211298	-1
211358	-1
211371	-1
211382	-1
211390	-1
211399	-1
211403	-1
211412	-1
211414	-1
211415	-1
211425	-1
211435	-1
211448	-1
211454	-1
211455	-1
211461	-1
211463	-1
211481	-1
211538	-1
211582	-1
211665	-1
211840	-1
211904	-1
212002	-1
212160	-1
212161	-1
212162	-1
212261	-1
212286	-1
212513	-1
212762	-1
212820	-1
213035	-1
213141	-1
213564	-1
213565	-1
213612	-1
213643	-1
213657	-1
213767	-1
213786	-1
214025	-1
214042	-1
214077	-1
214078	-1
214164	-1
214428	-1
214666	-1
214763	1
214811	-1
214850	-1
215008	-1
215130	-1
215490	-1
215801	-1
215844	-1
216150	-1
216234	-1
216256	1
216349	-1
216679	-1
216687	-1
216821	1
217062	-1
217077	-1
217103	-1
217120	-1
217121	-1
217122	-1
217169	-1
217378	-1
217510	-1
217571	-1
217625	-1
217629	-1
217667	-1
217733	-1
217739	-1
218043	-1
218044	-1
218078	-1
218079	-1
218080	-1
218410	-1
219081	-1
219589	-1
220007	-1
220135	-1
220268	-1
220287	-1
220292	-1
220293	-1
220308	-1
220339	-1
220358	-1
220359	-1
220362	-1
220411	-1
220412	-1
220443	-1
220455	-1
220485	-1
220503	-1
220697	-1
220796	-1
220797	-1
220986	-1
221025	-1
221167	-1
221238	-1
221338	-1
221339	-1
221370	-1
221448	-1
222090	-1
222135	-1
222466	-1
222546	-1
222626	-1
222822	-1
223931	-1
224877	-1
226064	-1
226108	-1
226135	-1
226142	-1
226205	-1
226252	-1
226257	-1
226261	-1
226544	-1
226545	-1
226546	-1
226555	-1
226560	-1
226563	-1
226598	-1
226599	-1
226703	-1
226760	-1
226830	-1
226833	-1
226834	-1
226853	-1
226860	-1
226863	-1
226864	-1
226866	-1
226900	-1
226908	-1
226909	-1
226925	-1
226929	-1
226950	-1
226951	-1
226999	-1
227026	-1
227092	-1
227133	-1
227137	-1
227169	-1
227181	-1
227182	-1
227193	-1
227194	-1
227195	-1
227206	-1
227207	-1
227208	-1
227209	-1
227232	-1
227251	-1
227252	-1
227253	-1
227272	-1
227317	-1
227318	-1
227327	-1
227343	-1
227344	-1
227345	-1
227413	-1
228065	-1
228090	-1
228107	-1
228163	-1
228213	-1
228219	-1
228221	-1
228241	-1
228250	-1
228264	-1
228277	-1
228454	-1
228508	-1
228524	-1
228545	-1
228572	-1
228602	-1
228605	-1
228611	-1
228612	-1
228616	1
228618	-1
228650	-1
228653	-1
228655	-1
228666	-1
228671	-1
228677	-1
228691	-1
228706	-1
228730	-1
228736	-1
228744	-1
228745	-1
228748	-1
228754	1
228756	-1
228767	-1
228773	-1
228779	-1
228780	-1
228784	-1
228789	-1
228805	-1
228808	-1
228818	1
228836	-1
228840	-1
228843	-1
228861	-1
228867	-1
228902	-1
228903	1
228904	-1
228908	-1
228909	-1
228914	-1
228915	-1
228916	-1
228917	-1
228918	-1
228919	-1
228921	-1
228941	-1
228967	-1
228972	-1
228989	-1
229028	-1
229038	-1
229046	-1
229057	-1
229058	-1
229064	-1
229065	-1
229073	-1
229085	-1
229086	-1
229095	-1
229107	-1
229131	-1
229132	-1
229138	-1
229139	-1
229151	1
229206	-1
229292	-1
229323	-1
229369	-1
229384	-1
229626	-1
229663	-1
229773	-1
230164	-1
230354	-1
230526	-1
230870	-1
230871	-1
231010	-1
231091	-1
231758	-1
232342	-1
233396	-1
233576	-1
234189	-1
234190	-1
234191	-1
234322	-1
234323	-1
234723	-1
235157	-1
235158	-1
235292	-1
235294	-1
235526	-1
235529	-1
235532	-1
235534	-1
235539	-1
235555	-1
235561	-1
235562	-1
235563	-1
235564	-1
235565	-1
235733	-1
235847	-1
235862	-1
235882	-1
235991	-1
235992	-1
236052	-1
236053	-1
236150	-1
236151	-1
236191	-1
236260	-1
236309	-1
236324	-1
236373	-1
236615	-1
236617	-1
236870	-1
236883	-1
236940	-1
236986	-1
237004	-1
237134	-1
237340	-1
237341	-1
237411	1
237465	-1
237527	-1
237716	-1
237730	-1
237827	-1
237925	-1
238061	-1
238124	-1
238360	-1
238381	-1
238443	-1
238448	-1
238618	-1
238719	-1
238838	-1
239017	-1
239032	-1
239169	-1
239349	-1
239455	-1
239465	-1
239638	-1
239834	-1
239843	-1
240002	-1
240003	-1
240004	-1
240005	-1
240006	-1
240007	-1
240011	-1
240332	-1
240564	-1
240814	-1
240816	-1
240885	-1
241301	-1
241396	-1
241397	1
241685	-1
241870	-1
241914	-1
242268	-1
242290	-1
242291	-1
242465	-1
242466	-1
242467	-1
242851	-1
242878	-1
242889	-1
242891	-1
243032	-1
243140	-1
243158	-1
243159	-1
243180	-1
243210	-1
243436	1
243504	-1
243590	-1
243607	-1
243635	-1
243979	-1
243980	-1
243981	-1
244069	-1
244071	-1
244216	-1
244245	-1
244382	-1
244907	-1
245023	-1
245024	-1
245142	-1
245426	-1
245459	-1
245493	-1
245538	-1
245571	-1
245577	-1
245757	-1
245934	-1
245937	-1
245977	-1
245988	-1
245994	-1
246040	-1
246109	-1
246255	-1
246401	-1
246458	-1
246636	-1
246664	-1
247319	-1
247385	-1
247427	-1
247428	-1
247481	-1
247524	-1
247527	-1
247557	-1
247579	-1
247642	-1
247646	-1
247695	-1
248066	-1
248604	-1
248837	-1
249282	-1
249283	-1
249659	-1
250035	-1
250128	-1
250639	-1
250977	-1
251323	-1
251327	-1
251552	-1
251611	-1
251687	-1
251728	-1
251746	-1
251747	-1
251774	1
251789	-1
251796	-1
251900	-1
251943	-1
251947	-1
251974	-1
252241	-1
252866	-1
253214	-1
253217	-1
253365	-1
253642	-1
253659	-1
253660	-1
253865	-1
253890	-1
253916	-1
253917	-1
253947	-1
254092	-1
254093	-1
255126	-1
255147	-1
255281	-1
255399	-1
255473	-1
255474	-1
255534	-1
255629	-1
256836	-1
256837	-1
257080	-1
257486	-1
257504	-1
257505	-1
257514	-1
257663	-1
257679	-1
257816	-1
257856	-1
257857	-1
257858	-1
257925	-1
257926	-1
257927	-1
257987	-1
258091	-1
258171	-1
258172	-1
258178	-1
258236	-1
258272	-1
258353	-1
258437	-1
258713	-1
258825	-1
258870	-1
259321	-1
259421	-1
259431	-1
259739	-1
259743	-1
259878	-1
259939	-1
259940	-1
260243	-1
261045	-1
261120	-1
261592	-1
261660	-1
262102	-1
262707	-1
262712	-1
262803	-1
263122	-1
263525	-1
263609	-1
263856	-1
263857	-1
263940	-1
264273	-1
264547	-1
264568	-1
264673	-1
264674	-1
264765	-1
264766	-1
264842	-1
265020	-1
265042	-1
265096	-1
265529	-1
265588	-1
265656	-1
265657	-1
265665	-1
265763	-1
265764	-1
265884	-1
265885	-1
265886	-1
265887	-1
265888	-1
265889	-1
265890	-1
265891	-1
266297	-1
266606	-1
266638	-1
266639	-1
266640	-1
266733	-1
266772	-1
266773	-1
266938	-1
267057	-1
267355	-1
267417	-1
267475	-1
267571	-1
267704	-1
268023	-1
268042	-1
268210	-1
268230	-1
268266	-1
268278	-1
268334	-1
268341	-1
268342	-1
268380	-1
268430	-1
268431	-1
268477	-1
268549	-1
268635	-1
268652	-1
268682	-1
268686	-1
268711	-1
268776	-1
268793	-1
268823	-1
268824	-1
268825	-1
268826	-1
268829	-1
268837	-1
268838	-1
268844	-1
268854	-1
268877	-1
268889	-1
268898	-1
268914	-1
268917	-1
268921	-1
268934	-1
268949	-1
268961	-1
268962	-1
268964	-1
268977	-1
268989	-1
269009	-1
269010	-1
269518	-1
269527	-1
269833	-1
269853	-1
270274	-1
270293	-1
270553	-1
270640	-1
270736	-1
270865	-1
271231	-1
271250	-1
271394	-1
271395	-1
271439	-1
271942	-1
272451	-1
272553	-1
273485	-1
273691	-1
273768	-1
274007	-1
274008	-1
274110	-1
274111	-1
274112	-1
274408	-1
274993	-1
274994	-1
275771	-1
276128	-1
276166	-1
276224	-1
276280	-1
276281	-1
276343	-1
276438	-1
276626	-1
276646	-1
276767	-1
277046	-1
277091	-1
277126	-1
277824	-1
277894	-1
278050	-1
278126	-1
278209	-1
278229	-1
278306	-1
278307	-1
278453	-1
278485	-1
278560	-1
278666	-1
278673	-1
278716	-1
278766	-1
279231	-1
279382	-1
279518	-1
279524	-1
279525	-1
279526	-1
279532	-1
279754	-1
279756	-1
279829	-1
279987	-1
280024	-1
280150	-1
280219	-1
280229	-1
280256	-1
280261	-1
280329	-1
280517	-1
280534	-1
280632	-1
280640	-1
281163	-1
281879	-1
281883	-1
282091	-1
282661	-1
283031	-1
283032	-1
283058	-1
283167	-1
283704	-1
284066	-1
284205	-1
284208	-1
284350	-1
284811	-1
284946	-1
285296	-1
285343	-1
285345	-1
285352	-1
285356	-1
285359	-1
285362	-1
285367	-1
285369	-1
285375	-1
285381	-1
285389	-1
285394	-1
285395	-1
285398	-1
285418	-1
285421	-1
285429	-1
285434	-1
285435	-1
285439	-1
285442	-1
285464	-1
285605	-1
285606	-1
285817	-1
286427	-1
286700	-1
287039	-1
287098	-1
287113	-1
287234	-1
287425	-1
287454	-1
287961	-1
288046	-1
288049	-1
288352	-1
288734	-1
289494	-1
289497	-1
290044	-1
290438	-1
290656	-1
290850	-1
290867	-1
291035	-1
291100	-1
291133	-1
291301	-1
291411	-1
291502	-1
291823	-1
291926	-1
291939	-1
292317	-1
292613	-1
292644	-1
292645	-1
292708	-1
292879	-1
293021	-1
293075	-1
293129	-1
293156	-1
293157	-1
293213	-1
293444	-1
293827	-1
293928	-1
293940	-1
293988	-1
294165	-1
294276	-1
294277	-1
294290	-1
294309	-1
294441	-1
294442	-1
294794	-1
294833	-1
294870	-1
294933	-1
295021	-1
295026	-1
295177	-1
295383	-1
295384	-1
295534	-1
295588	-1
295920	-1
296130	-1
296277	-1
296300	-1
296349	-1
296443	-1
296984	-1
297046	-1
297167	-1
297309	-1
297329	-1
297404	-1
297412	-1
297528	-1
297529	-1
297604	-1
297638	-1
297827	-1
297956	-1
298056	-1
298160	-1
298297	-1
298458	-1
298821	-1
298843	-1
298844	-1
298845	-1
299046	-1
299174	-1
299213	-1
299264	-1
299265	-1
299430	-1
299804	-1
299829	-1
299872	-1
299873	-1
299957	-1
300115	-1
300303	-1
300339	-1
300840	-1
300916	-1
300917	-1
301060	-1
301576	-1
302218	-1
302455	-1
302499	-1
302611	-1
302658	-1
302752	-1
302883	-1
303055	-1
303678	-1
303729	-1
303789	-1
303852	-1
303853	-1
304248	-1
304373	-1
304444	1
304946	-1
304969	-1
305328	-1
305941	-1
306095	-1
306104	-1
306457	-1
307067	-1
307346	-1
307482	-1
307483	-1
307621	-1
307723	-1
307849	-1
307863	1
308409	-1
308713	-1
309066	-1
309128	-1
309362	-1
309490	-1
309535	-1
310179	-1
310754	-1
310965	-1
311461	-1
311462	-1
311463	-1
311501	-1
312088	-1
312234	-1
312409	-1
312568	-1
312920	-1
313018	1
313285	-1
313495	-1
313496	-1
313672	-1
313707	-1
313708	-1
313804	-1
314592	1
314619	-1
315606	-1
315893	-1
316762	-1
317091	-1
317362	-1
317379	-1
317599	-1
317928	-1
318321	-1
318351	-1
318583	-1
319153	-1
319165	-1
319387	-1
319574	-1
319727	-1
320113	-1
320135	-1
320518	-1
320676	-1
320750	-1
320887	-1
321151	-1
321158	-1
322637	-1
322960	-1
323558	-1
323931	-1
324099	-1
324723	-1
324984	-1
325043	-1
325124	-1
325223	-1
325818	-1
325820	-1
325957	-1
325998	-1
325999	-1
326013	-1
326190	-1
326328	-1
327016	-1
327326	-1
327526	-1
327664	-1
327665	-1
327906	-1
328741	-1
329091	-1
329170	-1
329668	-1
330392	-1
330426	-1
330462	-1
330489	-1
330946	-1
332450	-1
334328	-1
335733	-1
335738	-1
335755	-1
335776	-1
335814	-1
335829	-1
335906	-1
335951	-1
336155	-1
336622	-1
336624	-1
337359	-1
337493	-1
337831	-1
338034	-1
338166	-1
338195	-1
338204	-1
338425	-1
338454	-1
338504	-1
338730	-1
338755	-1
338887	-1
338893	-1
338949	-1
338997	-1
339072	-1
339073	-1
339148	-1
339349	-1
339611	-1
339612	-1
339671	-1
339891	-1
340191	-1
340611	-1
341419	-1
341971	-1
342104	-1
342795	-1
343232	-1
343292	-1
343294	-1
343311	-1
343369	-1
344450	1
345132	-1
345139	-1
345216	-1
345217	-1
345448	-1
345553	-1
345626	-1
345878	-1
345885	-1
345893	-1
345894	-1
345962	-1
346190	-1
346214	-1
346274	-1
346811	-1
346825	-1
347816	-1
348755	-1
348764	-1
349239	-1
349297	-1
349393	-1
349460	-1
349544	-1
349595	-1
349865	-1
350056	1
350157	-1
350394	-1
351344	-1
351602	-1
351635	-1
351647	-1
352141	-1
352146	-1
352147	-1
352169	-1
352210	-1
352215	-1
352237	-1
352305	-1
352364	-1
352497	-1
352542	-1
352759	-1
352958	-1
353225	-1
353226	-1
353539	-1
354610	-1
354916	-1
354917	-1
355296	-1
355311	-1
355493	-1
355494	-1
355973	-1
357653	-1
357905	-1
358322	-1
358760	-1
358817	-1
358818	-1
358819	-1
358835	-1
358863	-1
359592	-1
359593	-1
359888	-1
360152	-1
362243	-1
362518	-1
362857	-1
363362	-1
363525	-1
364040	-1
364464	-1
365013	-1
365768	-1
365857	-1
365858	-1
365859	-1
365860	-1
365861	-1
365877	-1
365878	-1
365977	-1
366263	-1
367069	-1
367315	-1
368487	-1
368577	-1
368991	-1
369034	-1
369043	-1
369067	-1
369088	-1
369175	-1
369398	-1
369412	-1
369428	-1
369429	-1
369430	-1
369436	-1
369477	-1
369499	-1
369791	-1
369808	-1
369810	-1
369832	-1
369854	-1
369926	-1
369939	-1
369956	-1
369988	-1
370621	-1
372326	-1
372372	-1
372383	-1
372384	-1
372679	-1
372943	-1
373010	-1
373071	-1
373198	-1
373315	-1
373316	-1
373363	-1
373364	-1
373365	-1
373453	-1
373466	-1
373512	-1
373513	-1
373592	-1
373625	-1
373731	-1
373732	-1
373749	-1
373753	-1
374080	-1
374213	-1
374240	-1
375149	-1
375171	-1
375410	-1
375665	-1
375687	-1
375693	-1
375734	-1
375976	-1
376084	-1
376322	-1
376449	-1
376501	-1
376548	-1
376563	-1
376600	-1
376647	-1
376648	-1
376698	-1
376794	-1
376801	-1
376816	-1
376822	-1
376844	-1
376861	-1
376875	-1
376878	-1
376996	-1
377187	-1
377188	-1
377760	-1
377761	-1
377799	-1
377885	-1
377937	-1
378047	-1
378248	-1
378269	-1
378350	-1
378472	-1
382187	-1
382388	-1
382402	-1
383675	-1
383730	-1
384065	-1
384384	-1
384476	-1
384714	-1
385007	-1
385008	-1
385029	-1
385364	-1
385660	-1
386101	-1
386113	-1
387198	-1
387199	-1
387304	-1
387325	-1
387442	-1
387816	-1
387854	-1
388098	-1
388110	-1
388156	-1
389345	-1
389429	-1
389456	-1
389551	-1
389726	-1
389743	-1
389744	-1
389772	-1
389799	-1
390089	-1
390145	-1
390351	-1
390352	-1
390411	-1
390412	-1
390432	-1
390728	-1
391140	-1
391316	-1
391317	-1
392033	-1
393375	-1
393591	-1
393748	-1
393752	-1
394954	-1
394975	-1
394976	-1
395031	-1
395032	-1
395115	-1
395132	-1
395234	-1
395235	-1
395251	-1
395255	-1
395256	-1
395293	-1
395319	-1
395320	-1
395321	-1
395390	-1
395524	-1
395538	-1
395558	-1
395606	-1
395644	-1
395686	-1
395704	-1
395729	-1
395807	-1
396013	-1
396067	-1
397162	-1
397242	-1
397288	-1
397302	-1
397327	-1
397335	-1
397343	-1
397483	-1
397656	-1
397851	-1
397943	-1
398307	-1
399560	-1
399814	-1
400108	-1
400285	-1
400768	-1
401864	-1
402000	-1
402132	-1
402227	-1
402382	-1
402628	-1
402670	-1
402718	-1
403167	-1
403257	-1
403317	-1
403318	-1
403319	-1
403320	-1
403321	-1
403385	-1
403431	-1
403542	-1
403588	-1
403656	-1
403800	-1
404963	-1
404971	-1
405499	-1
406304	-1
406311	-1
406393	-1
407314	-1
407759	-1
408059	-1
408510	-1
408691	-1
408719	-1
409051	-1
409276	-1
409387	-1
409388	-1
409733	-1
409864	-1
410097	-1
410098	-1
410304	-1
410788	-1
410879	-1
410881	-1
410882	-1
410968	-1
411005	-1
411006	-1
411007	-1
411050	-1
411257	-1
411370	-1
412157	-1
412162	-1
412163	-1
412174	-1
412179	-1
412194	-1
412367	-1
412389	-1
413311	-1
413321	-1
413546	-1
413547	-1
413548	-1
413654	-1
414058	-1
414079	-1
414118	1
414150	-1
414394	-1
414647	-1
415159	-1
415198	-1
415199	-1
415204	-1
415208	-1
415211	-1
415216	-1
415228	-1
415240	-1
415241	-1
415244	-1
415246	-1
415248	-1
415249	-1
415250	-1
415254	-1
415258	-1
415259	-1
415260	-1
415262	-1
415264	-1
415269	-1
415270	-1
415271	-1
415497	-1
415555	-1
415586	-1
415623	-1
415624	-1
415949	-1
416992	-1
417163	-1
417335	-1
417336	-1
417391	-1
417392	-1
417486	-1
417616	-1
417648	-1
418741	-1
419189	-1
420455	-1
420905	-1
421125	-1
421734	-1
421743	-1
421749	-1
421796	-1
421822	-1
421838	-1
421840	-1
421849	1
421857	-1
421883	-1
421885	-1
421895	1
421897	-1
421898	-1
421904	-1
421930	-1
422136	-1
422924	-1
422939	-1
422941	-1
422951	-1
422959	-1
422962	-1
422963	-1
422973	-1
423033	-1
423042	-1
423053	-1
423054	-1
423068	-1
423149	-1
423152	-1
423153	-1
423154	-1
423185	-1
423209	-1
423219	-1
423222	-1
423239	-1
423262	-1
423270	-1
423278	-1
423280	-1
423281	-1
423284	-1
423297	-1
423299	-1
423301	-1
423529	-1
423550	-1
423557	-1
423570	-1
423572	-1
423607	-1
423611	-1
423663	-1
423986	-1
424242	-1
425289	-1
425290	-1
426093	-1
427540	-1
427871	-1
428000	-1
428295	-1
428430	-1
428729	-1
428782	-1
428787	-1
428793	-1
428794	-1
428800	-1
428801	-1
428891	-1
430976	-1
431299	-1
431300	-1
431315	-1
431325	1
431328	-1
431340	-1
431341	-1
431346	-1
431347	-1
431352	1
431355	-1
431362	-1
431363	1
431367	-1
431368	-1
431370	-1
431374	-1
431381	-1
431382	-1
431403	-1
431404	-1
431410	-1
431412	-1
431418	-1
431419	-1
431422	-1
431427	-1
431440	-1
431454	-1
431637	-1
431892	-1
432528	-1
432584	-1
432844	-1
433510	-1
433511	-1
434005	-1
434048	-1
434071	-1
434072	-1
434084	-1
434088	-1
435103	-1
435104	-1
435209	-1
435262	-1
435895	-1
435913	-1
435914	-1
435941	-1
436266	-1
436299	-1
436300	-1
436371	-1
436503	-1
437327	-1
437364	-1
437600	-1
438022	-1
438097	-1
438672	-1
439429	-1
441518	-1
441523	-1
441524	-1
441525	-1
441526	-1
441531	-1
441537	-1
441543	-1
441547	-1
441551	-1
441552	-1
441556	-1
441557	-1
441560	-1
441561	-1
441566	-1
441583	-1
441586	1
441611	-1
441614	-1
441615	-1
441616	-1
441628	-1
441638	-1
441649	-1
441663	-1
441683	-1
441685	-1
441686	-1
441688	-1
441689	-1
441701	-1
441702	-1
441707	-1
441713	-1
441714	-1
441717	-1
441731	-1
441874	-1
442002	-1
442039	-1
442089	-1
442466	-1
442500	-1
442501	-1
442502	-1
442503	-1
442619	-1
442790	-1
442812	-1
442845	-1
443087	-1
443191	-1
443232	-1
443428	-1
443917	-1
444842	-1
444843	-1
444844	-1
444845	-1
444846	-1
445220	-1
445254	-1
445255	-1
445259	-1
445287	-1
445310	-1
445317	-1
445331	-1
445332	-1
445384	-1
445385	-1
445386	-1
445387	-1
445393	-1
445394	-1
445395	-1
445396	-1
445442	-1
445458	-1
445583	-1
445663	-1
445669	-1
445671	-1
445672	-1
445691	-1
445692	-1
445693	-1
445739	-1
445809	-1
445810	-1
445838	-1
445863	-1
445969	-1
446016	-1
446053	-1
446068	-1
446222	-1
446323	-1
446608	-1
446649	-1
446719	-1
446755	-1
446824	-1
446835	-1
447265	-1
448347	-1
448350	-1
448479	-1
450262	-1
450480	-1
450867	-1
450963	-1
451072	-1
451073	-1
451079	-1
451080	-1
451081	-1
451085	-1
451096	-1
451102	-1
451216	-1
451307	-1
451339	-1
451341	-1
451376	-1
451383	-1
451392	-1
451393	-1
451400	-1
451582	-1
452164	-1
452929	-1
453052	-1
453067	-1
453068	-1
453099	-1
453133	-1
453144	-1
453178	-1
453213	-1
454041	-1
454066	-1
454097	-1
454143	-1
454164	-1
454214	-1
454240	-1
454600	-1
454838	-1
455163	-1
455368	-1
455982	-1
456028	-1
456351	-1
456698	-1
456771	-1
457788	-1
458056	-1
458592	-1
458695	-1
458696	-1
458707	-1
458848	-1
458893	-1
458994	-1
460140	-1
460213	-1
460214	-1
460510	-1
461592	-1
461593	-1
461702	-1
461709	-1
461800	-1
462497	-1
462643	-1
462971	-1
463129	-1
463138	-1
463143	-1
463205	-1
463245	-1
463491	-1
463522	-1
463529	-1
463626	-1
463665	-1
463666	-1
463667	-1
463672	-1
463673	-1
463674	-1
463729	-1
463756	-1
463759	-1
463809	-1
463828	-1
464378	-1
464455	-1
464456	-1
464457	-1
464612	-1
464613	-1
464706	-1
465069	-1
465698	-1
466028	-1
466112	-1
466145	-1
466172	-1
466175	-1
466347	-1
466545	-1
466584	-1
466696	-1
466825	-1
466839	-1
466840	-1
466844	-1
466852	-1
466881	-1
466927	-1
466948	-1
466988	-1
467491	-1
467492	-1
467493	-1
467547	-1
467815	-1
467887	-1
468358	-1
468429	-1
468923	-1
468954	-1
468961	-1
469700	-1
470258	-1
470259	-1
470260	-1
470261	-1
470262	-1
470263	-1
470264	-1
470265	-1
470266	-1
470267	-1
470314	-1
472037	-1
472658	-1
473189	-1
473193	-1
473649	-1
474855	-1
474862	-1
474863	-1
474864	-1
474865	-1
474866	-1
474874	-1
474875	-1
474889	-1
475219	-1
475275	-1
475403	1
475446	-1
475479	-1
475667	-1
475668	-1
475952	-1
476281	-1
476301	-1
476349	-1
476369	-1
476607	-1
476802	-1
476846	-1
476909	-1
477258	-1
477260	-1
477269	-1
477270	-1
477394	-1
477520	-1
477627	-1
477647	-1
477648	-1
477808	-1
477849	-1
477850	-1
477851	-1
478245	-1
478246	-1
478247	-1
478248	-1
478417	-1
478499	-1
478500	-1
478514	-1
478515	-1
478516	-1
478548	-1
478549	-1
478556	-1
478638	-1
478639	-1
478656	-1
478657	-1
478768	-1
478769	-1
478937	-1
478938	-1
479207	-1
479368	-1
479369	-1
479854	-1
480417	-1
481592	-1
481716	-1
481923	-1
481924	-1
486347	-1
486843	-1
486844	-1
486845	-1
487057	-1
489242	-1
490882	-1
491561	-1
491930	-1
491941	-1
491971	-1
491972	-1
491997	-1
492162	-1
492681	-1
492821	-1
493198	-1
494477	-1
494729	-1
494736	-1
496054	-1
496055	-1
496612	-1
496827	-1
496974	-1
497971	-1
497981	-1
499607	-1
499616	-1
499619	-1
499777	-1
500743	-1
501065	-1
501473	-1
504646	-1
506865	-1
507027	-1
507028	-1
507037	-1
507038	-1
507039	-1
508318	-1
508911	-1
508912	-1
509087	-1
509239	-1
509747	-1
509748	-1
509832	-1
509860	-1
510101	-1
510102	-1
510393	-1
510653	-1
510667	-1
511022	-1
511458	-1
511729	-1
511813	-1
512368	-1
512369	-1
513053	-1
515590	-1
519256	-1
519440	-1
519441	-1
521845	-1
521846	-1
521984	-1
522536	-1
522971	-1
523175	-1
523178	-1
523467	-1
523468	-1
523502	-1
523580	-1
523581	-1
527010	-1
527190	-1
527439	-1
527511	-1
528570	-1
528812	-1
529209	-1
529254	-1
529305	-1
530031	-1
530217	-1
530806	-1
531789	-1
531827	-1
532724	-1
533267	-1
533821	-1
533838	-1
533839	-1
533854	-1
533957	-1
533980	-1
533986	-1
533987	-1
533988	-1
533989	-1
533997	-1
534072	-1
534178	-1
534179	-1
534180	-1
534365	-1
537744	-1
540930	-1
541279	-1
544366	-1
544480	-1
544697	-1
544813	-1
544954	-1
545251	-1
545430	-1
545915	-1
546199	-1
546316	-1
546317	-1
546321	-1
547363	-1
547954	-1
548254	-1
548587	-1
548876	-1
549068	-1
549262	-1
551655	-1
553144	-1
553191	-1
553287	-1
553572	-1
553732	-1
553790	-1
553831	-1
553837	-1
553849	-1
553862	-1
553881	-1
553901	-1
553914	-1
553940	-1
555107	-1
555520	-1
556545	-1
556999	-1
557037	-1
557181	-1
557276	-1
557701	-1
557995	-1
558279	-1
558831	-1
559360	-1
559361	-1
559362	-1
559363	-1
559411	-1
559673	-1
559692	-1
559847	-1
560076	-1
560077	-1
560407	-1
560554	-1
560637	-1
560798	-1
561034	-1
561035	-1
561764	-1
561875	-1
562015	-1
562159	-1
562251	-1
562252	-1
562253	-1
562953	-1
563021	-1
563508	-1
563552	-1
563553	-1
563755	-1
563909	-1
564466	-1
564643	-1
564650	-1
564652	-1
564876	-1
564877	-1
564914	-1
564916	-1
564937	-1
565660	-1
566805	-1
569543	-1
569683	-1
569690	-1
570370	-1
570389	-1
570483	-1
570509	-1
570642	-1
570655	-1
571348	-1
571349	-1
572099	-1
572100	-1
572113	-1
572270	-1
572281	-1
572358	-1
572359	-1
572537	-1
573205	-1
573541	-1
576414	-1
576439	-1
576606	-1
576709	-1
576725	-1
576726	-1
578746	-1
578911	-1
578951	-1
578963	-1
578989	-1
579318	-1
579474	-1
579475	-1
579551	-1
579908	-1
580554	-1
580555	-1
580832	-1
580844	-1
581366	-1
581639	-1
581640	-1
581645	-1
581871	-1
581978	-1
582081	-1
582093	-1
582180	-1
582183	-1
582184	-1
582185	-1
582200	-1
582270	-1
582334	-1
582402	-1
582403	-1
582448	-1
583021	-1
583719	-1
583726	-1
583767	-1
585060	-1
585061	-1
585536	-1
585538	-1
585542	-1
585618	-1
585899	-1
585900	-1
586576	-1
586791	-1
586792	-1
586798	-1
586799	-1
586800	-1
586801	-1
586802	-1
586803	-1
586804	-1
586805	-1
586806	-1
586807	-1
586808	-1
586809	-1
586810	-1
586811	-1
586922	-1
588439	-1
589464	-1
589481	-1
590621	-1
590629	-1
590630	-1
590631	-1
590668	-1
590669	-1
590772	-1
591043	-1
591051	-1
591200	-1
591210	-1
591211	-1
591212	-1
591584	-1
591585	-1
591586	-1
591587	-1
591588	-1
591589	-1
591681	-1
591738	-1
591739	-1
591740	-1
591742	-1
591743	-1
591744	-1
591745	-1
591746	-1
591747	-1
591830	-1
592004	-1
592006	-1
592016	-1
592378	-1
592875	-1
596483	-1
596674	-1
596675	-1
596706	-1
596804	-1
600021	-1
601054	-1
601240	-1
601815	-1
603041	-1
603167	-1
603169	-1
603551	-1
603593	-1
603594	-1
603745	-1
603776	-1
603777	-1
603821	-1
603822	-1
603823	-1
603834	-1
603859	-1
603861	-1
603877	-1
604562	-1
605329	-1
605639	-1
605640	-1
606055	-1
606733	-1
608314	-1
608682	-1
609505	-1
610127	-1
610443	-1
610561	-1
610562	-1
610563	-1
610749	-1
612898	-1
613498	-1
613507	-1
613526	-1
613668	-1
613690	-1
614774	-1
615800	-1
615801	-1
626569	-1
626773	-1
627129	-1
627965	-1
629210	-1
630024	-1
632131	-1
632722	-1
633291	-1
633387	-1
634842	-1
635555	-1
637717	-1
637724	-1
637728	-1
637729	-1
637742	-1
637744	-1
637751	-1
637753	-1
637754	-1
637802	-1
637833	-1
637834	-1
637975	-1
644962	-1
645906	-1
646166	-1
646408	-1
646709	-1
646710	-1
647178	-1
647179	-1
647225	-1
647246	-1
647307	-1
647308	-1
647484	-1
647509	-1
647530	-1
647531	-1
647532	-1
647641	-1
647685	-1
648003	-1
648037	-1
648038	-1
648039	-1
648849	-1
648878	-1
648879	-1
648894	-1
648943	-1
648944	-1
649129	-1
649130	-1
649131	-1
649196	-1
649271	-1
649273	-1
650273	-1
650274	-1
651957	-1
651958	-1
652019	-1
652020	-1
652021	-1
652032	-1
652033	-1
652462	-1
652463	-1
652548	-1
652908	-1
653450	-1
653512	-1
653513	-1
653642	-1
653643	-1
653644	-1
653645	-1
655200	-1
656901	-1
657983	-1
658216	-1
658302	-1
658303	-1
658389	-1
658816	-1
658986	-1
659042	-1
659043	-1
659256	-1
659257	-1
660034	-1
660161	-1
661924	-1
662028	-1
663046	-1
664148	-1
665007	-1
665161	-1
668752	-1
669269	-1
669440	-1
669451	-1
669452	-1
669529	-1
669534	-1
669535	-1
671206	-1
671212	-1
671215	-1
671216	-1
671217	-1
671218	-1
671219	-1
671241	-1
671244	-1
671263	-1
671264	-1
671270	-1
671273	-1
671274	-1
671286	-1
671287	-1
671288	-1
671296	-1
671303	-1
671310	-1
671311	-1
671334	-1
671341	-1
671343	-1
671351	-1
671385	-1
671388	-1
671406	-1
671409	-1
671411	-1
671412	-1
671429	-1
671430	-1
671431	-1
671434	-1
671439	-1
671444	-1
671447	-1
671450	-1
671451	-1
671453	-1
671576	-1
672030	-1
672090	-1
672128	-1
672129	-1
672675	-1
673222	-1
673639	-1
674060	-1
674061	-1
674067	-1
674092	-1
674103	-1
674105	-1
674137	-1
674191	-1
674235	-1
674349	-1
674350	-1
674533	-1
674556	-1
674597	-1
675117	-1
676891	-1
677059	-1
678016	-1
678805	-1
681143	-1
681144	-1
681145	-1
681377	-1
681782	-1
681872	-1
681958	-1
682103	-1
682184	-1
682226	-1
682248	-1
682278	-1
682736	-1
688112	-1
688113	-1
688368	-1
688918	-1
689065	-1
696459	-1
697518	-1
697821	-1
697829	-1
697830	-1
699506	-1
699594	-1
699595	-1
699596	-1
699597	-1
699598	-1
699599	-1
699600	-1
699720	-1
703274	-1
703467	-1
706882	-1
712091	-1
713399	-1
713842	-1
713873	-1
714252	-1
715061	-1
715071	-1
715072	-1
718372	-1
718745	-1
718909	-1
721756	-1
721797	-1
721845	-1
721940	-1
723460	-1
724962	-1
725142	-1
725390	-1
726375	-1
726546	-1
726668	-1
728145	-1
728146	-1
729025	-1
729109	-1
729110	-1
729112	-1
729113	-1
730224	-1
730945	-1
731653	-1
732050	-1
732676	-1
732740	-1
732750	-1
733032	-1
733041	-1
733855	-1
733891	-1
733920	-1
734466	-1
734701	-1
734767	-1
735839	-1
736005	-1
736194	-1
737566	-1
737567	-1
737938	-1
738067	-1
739348	-1
739354	-1
739355	-1
739356	-1
739360	-1
739361	-1
739362	-1
739363	-1
739364	-1
739369	-1
739380	-1
740578	-1
740579	-1
741010	-1
741014	-1
741017	-1
741222	-1
742275	-1
742563	-1
742691	-1
742778	-1
744305	-1
744320	-1
744526	-1
745115	-1
745952	-1
745953	-1
745954	-1
745955	-1
745956	-1
749198	-1
749215	-1
749216	-1
749217	-1
749218	-1
751613	-1
752649	-1
752670	-1
752871	-1
752929	-1
752930	-1
753119	-1
753120	-1
753121	-1
753122	-1
753149	-1
753150	-1
753151	-1
753303	-1
753304	-1
753311	-1
753416	-1
753417	-1
753458	-1
753459	-1
753475	-1
753494	-1
753495	-1
753655	-1
754093	-1
754326	-1
754327	-1
754328	-1
754329	-1
755028	-1
755271	-1
755272	-1
756435	-1
756436	-1
756874	-1
756990	-1
757044	-1
757540	-1
757638	-1
758897	-1
758898	-1
758899	-1
758923	-1
758924	-1
758938	-1
760176	-1
761775	-1
761776	-1
764238	-1
766004	-1
767138	-1
769375	-1
770998	-1
773093	-1
773999	-1
776333	-1
777113	-1
777147	-1
777186	-1
778078	-1
778079	-1
781624	-1
782224	-1
782232	-1
782233	-1
782314	-1
784742	-1
784753	-1
789005	-1
789948	-1
789954	-1
791504	-1
791505	-1
792374	-1
792375	-1
792376	-1
792377	-1
793947	-1
793948	-1
793949	-1
794058	-1
794059	-1
794298	-1
794780	-1
794781	-1
905452	-1
927410	-1
975787	-1
978137	-1
978659	-1
978829	-1
979163	-1
980273	-1
981993	-1
981994	-1
982589	-1
983261	-1
984116	-1
984433	-1
984434	-1
984495	-1
988119	-1
990262	-1
990263	-1
990496	-1
990826	-1
991339	-1
991364	-1
991942	-1
993762	-1
994777	-1
994778	-1
996703	-1
1000861	-1
1003725	-1
1003726	-1
1003814	-1
1003815	-1
1003816	-1
1003817	-1
1004636	-1
1005422	-1
1005921	-1
1007185	-1
1011715	-1
1012388	-1
1012389	-1
1012390	-1
1012587	-1
1013847	-1
1013894	-1
1015847	-1
1015848	-1
1015849	-1
1015850	-1
1015851	-1
1015852	-1
1015853	-1
1016623	-1
1017010	-1
1017011	-1
1017027	-1
1017028	-1
1017103	-1
1017233	-1
1017236	-1
1017571	-1
1017890	-1
1019145	-1
1019236	-1
1019861	-1
1021175	-1
1021611	-1
1021613	-1
1021616	-1
1023283	-1
1025306	-1
1025307	-1
1025308	-1
1025309	-1
1025310	-1
1025311	-1
1025543	-1
1025546	-1
1025547	-1
1026233	-1
1030808	-1
1030809	-1
1032575	-1
